HRV ANALYSIS RESULTS - 20-May-2022 15:55:03
Kubios HRV Standard
3.4.3
released in December 2020

Analyzed by:  -  - 

File name: C:\Users\ivan\Documents\Mestrado\Dissertação\Resultados\ECG\Intervalos\NNi_005_Baseline_Primeira_visita.txt
Measurement date:  
File type: asciiCUSTOM
Channel label: RR data
Data length: 00:02:34 (h:min:s)
Measurement rate: - 

Parameters
 Number of samples: 1
 Detrending method: Smoothn priors (lambda: 500)
 Min/Max HR as average of: 5 beats
 Threshold for NNxx/pNNxx: 50 ms
 Frequency bands
  VLF: 0 - 0.04 Hz
  LF: 0.04 - 0.15 Hz
  HF: 0.15 - 0.4 Hz
 Interpolation rate: 4 Hz
 Points in frequency-domain: 300 points/Hz
 FFT spectrum options
  Window width: 300 s
  Window overlap: 50 %
 AR spectrum options
  AR model order: 16
  Use factorization: No
 Apply detrending for nonlinear analysis: 1
 Entropy, embedding dimension: 2
 Entropy, tolerance: 0.2 x SD
 DFA, short-term fluctuations: 4-12 beats
 DFA, long-term fluctuations: 13-64 beats

RR Interval Samples Selected for Analysis
                              ;    Sample 1;
  Sample limits (hh:mm:ss):   ;00:00:00-00:02:34;
  Sample Analysis Type: Single sample
  Beat correction: Threshold (medium)
  Beats total:                ;         105;
  Beats corrected:            ;          12;
  Beats corrected (%):        ;        11.4;
  Effective data length (s):  ;          89;
  Effective data length (%):  ;       57.52;


RESULTS FOR A SINGLE SAMPLE

Results Overview              ;
  PNS index:                  ;      1.2517;            ;
  SNS index:                  ;     -0.3246;            ;
  Stress index:               ;      5.8674;            ;

Time-Domain Results           ;
 Statistical parameters       ;
  Mean RR  (ms):              ;    842.0569;            ;
  SDNN (ms):                  ;     80.6075;            ;
  Mean HR (beats/min):        ;     71.2541;            ;
  SD HR (beats/min):          ;      6.9904;            ;
  Min HR (beats/min):         ;     60.4256;            ;
  Max HR (beats/min):         ;     81.1052;            ;
  RMSSD (ms):                 ;     97.3547;            ;
  NNxx (beats):               ;          42;            ;
  pNNxx (%):                  ;     40.3846;            ;
  SDANN (ms):                 ;         NaN;            ;
  SDNN index (ms):            ;         NaN;            ;
 Geometric parameters         ;
  RR tri index:               ;   13.125000;            ;
  TINN (ms):                  ;    397.0000;            ;

Frequency-Domain Results      ;FFT spectrum; AR spectrum;
 Peak frequencies             ;
  VLF (Hz):                   ;    0.030000;    0.040000;
  LF (Hz):                    ;    0.053333;    0.100000;
  HF (Hz):                    ;    0.203333;    0.290000;
 Absolute powers              ;
  VLF (ms^2):                 ;    109.5984;    625.5067;
  LF (ms^2):                  ;   1523.2562;   2086.4721;
  HF (ms^2):                  ;   1995.9485;   4156.5154;
  VLF (log):                  ;      4.6968;      6.4386;
  LF (log):                   ;      7.3286;      7.6432;
  HF (log):                   ;      7.5989;      8.3324;
 Relative powers              ;
  VLF (%):                    ;      3.0199;      9.1026;
  LF (%):                     ;     41.9722;     30.3632;
  HF (%):                     ;     54.9968;     60.4873;
 Normalized powers            ;
  LF (n.u.):                  ;     43.2791;     33.4038;
  HF (n.u.):                  ;     56.7094;     66.5446;
 Total power (ms^2):          ;   3629.2067;   6871.7174;
 LF/HF ratio:                 ;      0.7632;      0.5020;


Nonlinear Results             ;
 Poincare plot                ;
  SD1 (ms):                   ;   69.184193;            ;
  SD2 (ms):                   ;   89.031248;            ;
  SD2/SD1 ratio:              ;    1.286873;            ;
 Approximate entropy (ApEn):  ;      0.6990;            ;
 Sample entropy (SampEn):     ;      1.5824;            ;
 Detrended fluctuation analysis (DFA);
  alpha 1:                    ;      0.6692;            ;
  alpha 2:                    ;      0.3617;            ;


RR INTERVAL DATA and SPECTRUM ESTIMATES;
                              ;    SAMPLE 1;            ;            ;            ;            ;            ;            ;            ;            ;
                              ;     RR Data;            ;FFT spectrum;            ; AR Spectrum;            ;            ;            ;            ;
                              ;        Time; RR interval;   Frequency;         PSD;   Frequency;         PSD;   VLF comp.;    LF comp.;    HF comp.;
                              ;         (s);         (s);        (Hz);   (ms^2/Hz);        (Hz);   (ms^2/Hz);   (ms^2/Hz);   (ms^2/Hz);   (ms^2/Hz);
                              ;       0.832;       0.832;       0.000;      0.0002;       0.000;   7752.3239;            ;            ;            ;
                              ;       1.633;       0.801;       0.003;      1.8665;       0.003;  15514.4449;            ;            ;            ;
                              ;       2.484;       0.852;       0.007;     19.2845;       0.007;  15543.8140;            ;            ;            ;
                              ;       3.316;       0.832;       0.010;     43.2204;       0.010;  15592.6859;            ;            ;            ;
                              ;       4.086;       0.770;       0.013;     10.1514;       0.013;  15660.9406;            ;            ;            ;
                              ;       4.918;       0.832;       0.017;    134.5813;       0.017;  15748.3995;            ;            ;            ;
                              ;       5.750;       0.832;       0.020;   1043.8652;       0.020;  15854.8149;            ;            ;            ;
                              ;       6.551;       0.801;       0.023;   3499.1861;       0.023;  15979.8561;            ;            ;            ;
                              ;       7.422;       0.871;       0.027;   7668.8143;       0.027;  16123.0928;            ;            ;            ;
                              ;       8.285;       0.863;       0.030;  10262.1382;       0.030;  16283.9754;            ;            ;            ;
                              ;       9.137;       0.852;       0.033;   6824.3039;       0.033;  16461.8116;            ;            ;            ;
                              ;      10.020;       0.883;       0.037;   1425.6938;       0.037;  16655.7421;            ;            ;            ;
                              ;      10.871;       0.852;       0.040;   3755.4173;       0.040;  16864.7120;            ;            ;            ;
                              ;      11.703;       0.832;       0.043;  17464.1289;       0.043;  17087.4430;            ;            ;            ;
                              ;      12.586;       0.883;       0.047;  39276.1937;       0.047;  17322.4029;            ;            ;            ;
                              ;      13.453;       0.867;       0.050;  58491.1643;       0.050;  17567.7784;            ;            ;            ;
                              ;      14.289;       0.836;       0.053;  61282.2176;       0.053;  17821.4488;            ;            ;            ;
                              ;      15.172;       0.883;       0.057;  46348.6940;       0.057;  18080.9662;            ;            ;            ;
                              ;      16.004;       0.832;       0.060;  24699.6444;       0.060;  18343.5422;            ;            ;            ;
                              ;      16.855;       0.852;       0.063;   7204.8767;       0.063;  18606.0467;            ;            ;            ;
                              ;      17.723;       0.867;       0.067;   1141.7559;       0.067;  18865.0193;            ;            ;            ;
                              ;      18.586;       0.863;       0.070;   5192.1474;       0.070;  19116.6990;            ;            ;            ;
                              ;      19.453;       0.867;       0.073;   9170.8467;       0.073;  19357.0730;            ;            ;            ;
                              ;      20.371;       0.918;       0.077;   7263.7668;       0.077;  19581.9481;            ;            ;            ;
                              ;      21.289;       0.918;       0.080;   2985.5590;       0.080;  19787.0435;            ;            ;            ;
                              ;      22.203;       0.914;       0.083;   3679.1032;       0.083;  19968.1060;            ;            ;            ;
                              ;      23.156;       0.953;       0.087;  11691.5797;       0.087;  20121.0429;            ;            ;            ;
                              ;      24.105;       0.949;       0.090;  19602.6936;       0.090;  20242.0669;            ;            ;            ;
                              ;      25.004;       0.898;       0.093;  19986.5914;       0.093;  20327.8464;            ;            ;            ;
                              ;      25.957;       0.953;       0.097;  13494.1522;       0.097;  20375.6500;            ;            ;            ;
                              ;      26.824;       0.867;       0.100;   7249.0431;       0.100;  20383.4761;            ;            ;            ;
                              ;      27.707;       0.883;       0.103;   7612.6126;       0.103;  20350.1560;            ;            ;            ;
                              ;      28.605;       0.898;       0.107;  12466.1823;       0.107;  20275.4221;            ;            ;            ;
                              ;      29.422;       0.816;       0.110;  14931.0576;       0.110;  20159.9350;            ;            ;            ;
                              ;      30.273;       0.852;       0.113;  11016.5971;       0.113;  20005.2659;            ;            ;            ;
                              ;      31.125;       0.852;       0.117;   3566.9953;       0.117;  19813.8361;            ;            ;            ;
                              ;      32.238;       1.113;       0.120;     18.2807;       0.120;  19588.8182;            ;            ;            ;
                              ;      33.461;       1.152;       0.123;   3214.0712;       0.123;  19334.0078;            ;            ;            ;
                              ;      34.457;       0.996;       0.127;   9630.9392;       0.127;  19053.6745;            ;            ;            ;
                              ;      35.945;       0.845;       0.130;  13773.8747;       0.130;  18752.4059;            ;            ;            ;
                              ;      36.723;       0.777;       0.133;  12034.7421;       0.133;  18434.9524;            ;            ;            ;
                              ;      37.492;       0.770;       0.137;   6706.4180;       0.137;  18106.0846;            ;            ;            ;
                              ;      38.273;       0.781;       0.140;   2177.3527;       0.140;  17770.4687;            ;            ;            ;
                              ;      39.398;       1.125;       0.143;    119.7804;       0.143;  17432.5651;            ;            ;            ;
                              ;      40.141;       0.742;       0.147;    532.3658;       0.147;  17096.5526;            ;            ;            ;
                              ;      41.410;       0.586;       0.150;   2162.3284;       0.150;  16766.2766;            ;            ;            ;
                              ;      42.180;       0.770;       0.153;   4342.9925;       0.153;  16445.2222;            ;            ;            ;
                              ;      43.117;       0.938;       0.157;   6795.0805;       0.157;  16136.5063;            ;            ;            ;
                              ;      43.852;       0.734;       0.160;   7536.7269;       0.160;  15842.8877;            ;            ;            ;
                              ;      44.523;       0.672;       0.163;   5618.1395;       0.163;  15566.7899;            ;            ;            ;
                              ;      45.211;       0.688;       0.167;   2131.3627;       0.167;  15310.3344;            ;            ;            ;
                              ;      45.988;       0.777;       0.170;     31.8099;       0.170;  15075.3803;            ;            ;            ;
                              ;      46.855;       0.867;       0.173;   2847.0642;       0.173;  14863.5684;            ;            ;            ;
                              ;      53.047;       0.921;       0.177;   9545.0382;       0.177;  14676.3677;            ;            ;            ;
                              ;      53.973;       0.926;       0.180;  15257.9733;       0.180;  14515.1222;            ;            ;            ;
                              ;      54.867;       0.895;       0.183;  15377.9106;       0.183;  14381.0981;            ;            ;            ;
                              ;      56.676;       0.897;       0.187;   8903.4458;       0.187;  14275.5295;            ;            ;            ;
                              ;      57.586;       0.910;       0.190;   1579.5620;       0.190;  14199.6640;            ;            ;            ;
                              ;      58.465;       0.879;       0.193;    823.4488;       0.193;  14154.8066;            ;            ;            ;
                              ;      59.254;       0.789;       0.197;   8821.7290;       0.197;  14142.3633;            ;            ;            ;
                              ;      60.035;       0.781;       0.200;  21323.7585;       0.200;  14163.8844;            ;            ;            ;
                              ;      60.820;       0.785;       0.203;  29619.9937;       0.203;  14221.1076;            ;            ;            ;
                              ;      61.652;       0.832;       0.207;  28373.0785;       0.207;  14316.0016;            ;            ;            ;
                              ;      62.469;       0.816;       0.210;  20073.0536;       0.210;  14450.8111;            ;            ;            ;
                              ;      63.281;       0.813;       0.213;  10518.8877;       0.213;  14628.1013;            ;            ;            ;
                              ;      65.004;       0.825;       0.217;   5097.5706;       0.217;  14850.8039;            ;            ;            ;
                              ;      65.855;       0.852;       0.220;   5458.1837;       0.220;  15122.2618;            ;            ;            ;
                              ;      66.738;       0.883;       0.223;   8225.9075;       0.223;  15446.2714;            ;            ;            ;
                              ;      67.621;       0.883;       0.227;   9533.0726;       0.227;  15827.1178;            ;            ;            ;
                              ;      68.488;       0.867;       0.230;   7883.5033;       0.230;  16269.5990;            ;            ;            ;
                              ;      69.305;       0.816;       0.233;   4041.5721;       0.233;  16779.0274;            ;            ;            ;
                              ;      71.039;       0.924;       0.237;    696.9322;       0.237;  17361.1961;            ;            ;            ;
                              ;      71.965;       0.926;       0.240;    293.7663;       0.240;  18022.2882;            ;            ;            ;
                              ;      72.656;       0.691;       0.243;   3422.5060;       0.243;  18768.6971;            ;            ;            ;
                              ;      73.457;       0.801;       0.247;   9158.7733;       0.247;  19606.7155;            ;            ;            ;
                              ;      75.008;       0.813;       0.250;  15282.8584;       0.250;  20542.0294;            ;            ;            ;
                              ;      75.785;       0.777;       0.253;  19180.0391;       0.253;  21578.9375;            ;            ;            ;
                              ;      77.141;       0.876;       0.257;  19231.9667;       0.257;  22719.1971;            ;            ;            ;
                              ;      78.094;       0.953;       0.260;  15188.8987;       0.260;  23960.3842;            ;            ;            ;
                              ;      78.926;       0.832;       0.263;   8563.0001;       0.263;  25293.6753;            ;            ;            ;
                              ;      79.594;       0.668;       0.267;   2596.3684;       0.267;  26701.0270;            ;            ;            ;
                              ;      80.359;       0.766;       0.270;    646.3910;       0.270;  28151.8961;            ;            ;            ;
                              ;      81.094;       0.734;       0.273;   4399.2376;       0.273;  29599.9565;            ;            ;            ;
                              ;      81.859;       0.766;       0.277;  12866.3495;       0.277;  30980.7356;            ;            ;            ;
                              ;      82.641;       0.781;       0.280;  22501.7670;       0.280;  32211.6369;            ;            ;            ;
                              ;      83.395;       0.754;       0.283;  28596.5739;       0.283;  33196.1489;            ;            ;            ;
                              ;      84.145;       0.750;       0.287;  27815.0514;       0.287;  33833.6741;            ;            ;            ;
                              ;      84.926;       0.781;       0.290;  20440.2541;       0.290;  34034.8551;            ;            ;            ;
                              ;      85.961;       0.839;       0.293;  10129.8397;       0.293;  33739.5911;            ;            ;            ;
                              ;      86.855;       0.895;       0.297;   2192.0731;       0.297;  32932.3059;            ;            ;            ;
                              ;      88.277;       0.916;       0.300;    837.9868;       0.300;  31648.4541;            ;            ;            ;
                              ;      89.141;       0.863;       0.303;   6190.5553;       0.303;  29969.0090;            ;            ;            ;
                              ;     144.109;       0.737;       0.307;  14622.4242;       0.307;  28004.6398;            ;            ;            ;
                              ;     144.805;       0.695;       0.310;  21017.9347;       0.310;  25875.4026;            ;            ;            ;
                              ;     145.621;       0.816;       0.313;  21564.6652;       0.313;  23692.5595;            ;            ;            ;
                              ;     146.438;       0.816;       0.317;  16654.2663;       0.317;  21546.7703;            ;            ;            ;
                              ;     147.223;       0.785;       0.320;   9503.9711;       0.320;  19503.4912;            ;            ;            ;
                              ;     148.156;       0.934;       0.323;   3288.0045;       0.323;  17603.9641;            ;            ;            ;
                              ;     148.957;       0.801;       0.327;    258.4872;       0.327;  15869.3484;            ;            ;            ;
                              ;     149.672;       0.715;       0.330;    494.8413;       0.330;  14305.8834;            ;            ;            ;
                              ;     150.473;       0.801;       0.333;   2465.7541;       0.333;  12909.7486;            ;            ;            ;
                              ;     151.289;       0.816;       0.337;   4706.2337;       0.337;  11671.0112;            ;            ;            ;
