HRV ANALYSIS RESULTS - 20-May-2022 15:26:00
Kubios HRV Standard
3.4.3
released in December 2020

Analyzed by:  -  - 

File name: C:\Users\ivan\Documents\Mestrado\Dissertação\Resultados\ECG\Intervalos\NNi_001C_Baseline_Primeira_visita.txt
Measurement date:  
File type: asciiCUSTOM
Channel label: RR data
Data length: 00:02:11 (h:min:s)
Measurement rate: - 

Parameters
 Number of samples: 1
 Detrending method: Smoothn priors (lambda: 500)
 Min/Max HR as average of: 5 beats
 Threshold for NNxx/pNNxx: 50 ms
 Frequency bands
  VLF: 0 - 0.04 Hz
  LF: 0.04 - 0.15 Hz
  HF: 0.15 - 0.4 Hz
 Interpolation rate: 4 Hz
 Points in frequency-domain: 300 points/Hz
 FFT spectrum options
  Window width: 300 s
  Window overlap: 50 %
 AR spectrum options
  AR model order: 16
  Use factorization: No
 Apply detrending for nonlinear analysis: 1
 Entropy, embedding dimension: 2
 Entropy, tolerance: 0.2 x SD
 DFA, short-term fluctuations: 4-12 beats
 DFA, long-term fluctuations: 13-64 beats

RR Interval Samples Selected for Analysis
                              ;    Sample 1;
  Sample limits (hh:mm:ss):   ;00:00:00-00:02:11;
  Sample Analysis Type: Single sample
  Beat correction: Threshold (medium)
  Beats total:                ;         140;
  Beats corrected:            ;          33;
  Beats corrected (%):        ;        23.6;
  Effective data length (s):  ;         118;
  Effective data length (%):  ;       89.92;


RESULTS FOR A SINGLE SAMPLE

Results Overview              ;
  PNS index:                  ;      0.0996;            ;
  SNS index:                  ;      0.4835;            ;
  Stress index:               ;      7.4039;            ;

Time-Domain Results           ;
 Statistical parameters       ;
  Mean RR  (ms):              ;    765.9603;            ;
  SDNN (ms):                  ;     78.5484;            ;
  Mean HR (beats/min):        ;     78.3330;            ;
  SD HR (beats/min):          ;      8.0716;            ;
  Min HR (beats/min):         ;     58.9430;            ;
  Max HR (beats/min):         ;     88.6724;            ;
  RMSSD (ms):                 ;     71.5198;            ;
  NNxx (beats):               ;          42;            ;
  pNNxx (%):                  ;     30.2158;            ;
  SDANN (ms):                 ;         NaN;            ;
  SDNN index (ms):            ;         NaN;            ;
 Geometric parameters         ;
  RR tri index:               ;    8.750000;            ;
  TINN (ms):                  ;    317.0000;            ;

Frequency-Domain Results      ;FFT spectrum; AR spectrum;
 Peak frequencies             ;
  VLF (Hz):                   ;    0.040000;    0.040000;
  LF (Hz):                    ;    0.110000;    0.103333;
  HF (Hz):                    ;    0.160000;    0.150000;
 Absolute powers              ;
  VLF (ms^2):                 ;    308.6917;    596.8483;
  LF (ms^2):                  ;   5717.1406;   4239.2755;
  HF (ms^2):                  ;   1748.3908;   2617.6156;
  VLF (log):                  ;      5.7323;      6.3917;
  LF (log):                   ;      8.6512;      8.3521;
  HF (log):                   ;      7.4665;      7.8700;
 Relative powers              ;
  VLF (%):                    ;      3.9698;      8.0036;
  LF (%):                     ;     73.5226;     56.8480;
  HF (%):                     ;     22.4844;     35.1018;
 Normalized powers            ;
  LF (n.u.):                  ;     76.5619;     61.7938;
  HF (n.u.):                  ;     23.4138;     38.1557;
 Total power (ms^2):          ;   7776.0321;   7457.2076;
 LF/HF ratio:                 ;      3.2699;      1.6195;


Nonlinear Results             ;
 Poincare plot                ;
  SD1 (ms):                   ;   50.759212;            ;
  SD2 (ms):                   ;   98.933590;            ;
  SD2/SD1 ratio:              ;    1.949077;            ;
 Approximate entropy (ApEn):  ;      0.5775;            ;
 Sample entropy (SampEn):     ;      0.7474;            ;
 Detrended fluctuation analysis (DFA);
  alpha 1:                    ;      1.1322;            ;
  alpha 2:                    ;      0.3689;            ;


RR INTERVAL DATA and SPECTRUM ESTIMATES;
                              ;    SAMPLE 1;            ;            ;            ;            ;            ;            ;            ;            ;
                              ;     RR Data;            ;FFT spectrum;            ; AR Spectrum;            ;            ;            ;            ;
                              ;        Time; RR interval;   Frequency;         PSD;   Frequency;         PSD;   VLF comp.;    LF comp.;    HF comp.;
                              ;         (s);         (s);        (Hz);   (ms^2/Hz);        (Hz);   (ms^2/Hz);   (ms^2/Hz);   (ms^2/Hz);   (ms^2/Hz);
                              ;      12.297;       0.699;       0.000;      1.4571;       0.000;   6819.1700;            ;            ;            ;
                              ;      13.129;       0.832;       0.003;     13.6631;       0.003;  13668.0150;            ;            ;            ;
                              ;      13.875;       0.746;       0.007;    126.4191;       0.007;  13757.4333;            ;            ;            ;
                              ;      14.961;       0.902;       0.010;    679.7917;       0.010;  13907.7811;            ;            ;            ;
                              ;      15.891;       0.930;       0.013;   2327.1265;       0.013;  14121.0563;            ;            ;            ;
                              ;      16.574;       0.684;       0.017;   5897.4453;       0.017;  14400.0999;            ;            ;            ;
                              ;      17.242;       0.668;       0.020;  11546.9082;       0.020;  14748.6386;            ;            ;            ;
                              ;      18.359;       0.703;       0.023;  16619.3084;       0.023;  15171.3354;            ;            ;            ;
                              ;      19.344;       0.712;       0.027;  15602.3562;       0.027;  15673.8476;            ;            ;            ;
                              ;      20.605;       0.709;       0.030;   6887.0392;       0.030;  16262.8841;            ;            ;            ;
                              ;      21.313;       0.707;       0.033;    204.9544;       0.033;  16946.2556;            ;            ;            ;
                              ;      22.020;       0.707;       0.037;  10937.4634;       0.037;  17732.9034;            ;            ;            ;
                              ;      22.703;       0.684;       0.040;  42939.8300;       0.040;  18632.8868;            ;            ;            ;
                              ;      23.383;       0.680;       0.043;  80616.4941;       0.043;  19657.3009;            ;            ;            ;
                              ;      24.082;       0.699;       0.047; 101952.0433;       0.047;  20818.0810;            ;            ;            ;
                              ;      24.766;       0.684;       0.050;  98183.4686;       0.050;  22127.6352;            ;            ;            ;
                              ;      25.449;       0.684;       0.053;  78609.9811;       0.053;  23598.2264;            ;            ;            ;
                              ;      26.801;       0.676;       0.057;  58560.9117;       0.057;  25241.0019;            ;            ;            ;
                              ;      27.480;       0.680;       0.060;  47635.2293;       0.060;  27064.5536;            ;            ;            ;
                              ;      28.184;       0.703;       0.063;  48801.5868;       0.063;  29072.8888;            ;            ;            ;
                              ;      28.879;       0.695;       0.067;  60119.9087;       0.067;  31262.7251;            ;            ;            ;
                              ;      29.586;       0.707;       0.070;  72353.0649;       0.070;  33620.1196;            ;            ;            ;
                              ;      30.266;       0.680;       0.073;  71948.2844;       0.073;  36116.6428;            ;            ;            ;
                              ;      30.965;       0.699;       0.077;  54451.1644;       0.077;  38705.6210;            ;            ;            ;
                              ;      31.664;       0.699;       0.080;  31876.9492;       0.080;  41319.3997;            ;            ;            ;
                              ;      32.980;       0.757;       0.083;  19764.0197;       0.083;  43868.9859;            ;            ;            ;
                              ;      33.797;       0.816;       0.087;  19387.4013;       0.087;  46247.5795;            ;            ;            ;
                              ;      34.914;       0.801;       0.090;  20739.2091;       0.090;  48339.0611;            ;            ;            ;
                              ;      36.234;       0.746;       0.093;  21171.0900;       0.093;  50031.2425;            ;            ;            ;
                              ;      36.945;       0.711;       0.097;  30125.9843;       0.097;  51231.7892;            ;            ;            ;
                              ;      37.676;       0.730;       0.100;  53526.1503;       0.100;  51882.9937;            ;            ;            ;
                              ;      38.410;       0.734;       0.103;  83418.1948;       0.103;  51971.1005;            ;            ;            ;
                              ;      39.113;       0.703;       0.107; 106403.4058;       0.107;  51527.3089;            ;            ;            ;
                              ;      39.813;       0.699;       0.110; 114817.8716;       0.110;  50620.3902;            ;            ;            ;
                              ;      40.492;       0.680;       0.113; 107650.7508;       0.113;  49343.6143;            ;            ;            ;
                              ;      41.855;       0.669;       0.117;  87422.3608;       0.117;  47800.0133;            ;            ;            ;
                              ;      42.527;       0.672;       0.120;  59557.6807;       0.120;  46089.5661;            ;            ;            ;
                              ;      43.207;       0.680;       0.123;  32337.0048;       0.123;  44300.3260;            ;            ;            ;
                              ;      44.520;       0.683;       0.127;  15034.3361;       0.127;  42503.8442;            ;            ;            ;
                              ;      45.203;       0.684;       0.130;  13339.7347;       0.130;  40754.1138;            ;            ;            ;
                              ;      45.891;       0.688;       0.133;  23412.7276;       0.133;  39088.8302;            ;            ;            ;
                              ;      46.586;       0.695;       0.137;  32109.9140;       0.137;  37531.8287;            ;            ;            ;
                              ;      47.273;       0.688;       0.140;  28480.7259;       0.140;  36095.8622;            ;            ;            ;
                              ;      47.973;       0.699;       0.143;  15090.4104;       0.143;  34785.2088;            ;            ;            ;
                              ;      48.688;       0.715;       0.147;   3766.6483;       0.147;  33597.8646;            ;            ;            ;
                              ;      49.383;       0.695;       0.150;   2528.4615;       0.150;  32527.2517;            ;            ;            ;
                              ;      50.070;       0.688;       0.153;  11006.4676;       0.153;  31563.4712;            ;            ;            ;
                              ;      50.742;       0.672;       0.157;  23301.1272;       0.157;  30694.1762;            ;            ;            ;
                              ;      51.410;       0.668;       0.160;  31029.0307;       0.160;  29905.1607;            ;            ;            ;
                              ;      52.078;       0.668;       0.163;  29958.0898;       0.163;  29180.7589;            ;            ;            ;
                              ;      52.770;       0.691;       0.167;  25030.8666;       0.167;  28504.1508;            ;            ;            ;
                              ;      53.461;       0.691;       0.170;  22615.9616;       0.170;  27857.6594;            ;            ;            ;
                              ;      54.156;       0.695;       0.173;  21097.1022;       0.173;  27223.1212;            ;            ;            ;
                              ;      54.844;       0.688;       0.177;  15710.1615;       0.177;  26582.3948;            ;            ;            ;
                              ;      56.168;       0.780;       0.180;   7549.4571;       0.180;  25918.0496;            ;            ;            ;
                              ;      57.488;       0.919;       0.183;   2053.6252;       0.183;  25214.2393;            ;            ;            ;
                              ;      58.516;       0.998;       0.187;   2583.6747;       0.187;  24457.7125;            ;            ;            ;
                              ;      59.422;       0.906;       0.190;   8439.4532;       0.190;  23638.8560;            ;            ;            ;
                              ;      60.117;       0.695;       0.193;  15438.7665;       0.193;  22752.6116;            ;            ;            ;
                              ;      60.902;       0.785;       0.197;  17119.8933;       0.197;  21799.0884;            ;            ;            ;
                              ;      61.754;       0.852;       0.200;  10457.6188;       0.200;  20783.7060;            ;            ;            ;
                              ;      62.617;       0.863;       0.203;   2101.1151;       0.203;  19716.7816;            ;            ;            ;
                              ;      63.473;       0.855;       0.207;   2420.4244;       0.207;  18612.5768;            ;            ;            ;
                              ;      64.344;       0.871;       0.210;  11526.9216;       0.210;  17487.9391;            ;            ;            ;
                              ;      65.207;       0.863;       0.213;  19066.5710;       0.213;  16360.7521;            ;            ;            ;
                              ;      66.035;       0.828;       0.217;  18782.1450;       0.217;  15248.4350;            ;            ;            ;
                              ;      66.836;       0.801;       0.220;  14522.0866;       0.220;  14166.6980;            ;            ;            ;
                              ;      67.613;       0.777;       0.223;  11731.4760;       0.223;  13128.6773;            ;            ;            ;
                              ;      68.328;       0.715;       0.227;  10976.1554;       0.227;  12144.4863;            ;            ;            ;
                              ;      69.047;       0.719;       0.230;  10030.5174;       0.230;  11221.1411;            ;            ;            ;
                              ;      69.750;       0.703;       0.233;   7385.3814;       0.233;  10362.7712;            ;            ;            ;
                              ;      70.465;       0.715;       0.237;   3636.2810;       0.237;   9571.0124;            ;            ;            ;
                              ;      71.160;       0.695;       0.240;   1159.9901;       0.240;   8845.4851;            ;            ;            ;
                              ;      71.859;       0.699;       0.243;   1967.6930;       0.243;   8184.2841;            ;            ;            ;
                              ;      72.539;       0.680;       0.247;   5569.4073;       0.247;   7584.4306;            ;            ;            ;
                              ;      73.215;       0.676;       0.250;   9284.7746;       0.250;   7042.2587;            ;            ;            ;
                              ;      74.297;       0.804;       0.253;  10498.7943;       0.253;   6553.7279;            ;            ;            ;
                              ;      75.250;       0.953;       0.257;   8609.7868;       0.257;   6114.6625;            ;            ;            ;
                              ;      76.566;       0.986;       0.260;   5242.8507;       0.260;   5720.9260;            ;            ;            ;
                              ;      77.887;       0.919;       0.263;   2763.9864;       0.263;   5368.5419;            ;            ;            ;
                              ;      79.238;       0.808;       0.267;   2407.1148;       0.267;   5053.7716;            ;            ;            ;
                              ;      80.570;       0.706;       0.270;   3798.8113;       0.270;   4773.1597;            ;            ;            ;
                              ;      81.238;       0.668;       0.273;   5995.7864;       0.273;   4523.5562;            ;            ;            ;
                              ;      81.941;       0.703;       0.277;   8159.8925;       0.277;   4302.1217;            ;            ;            ;
                              ;      82.645;       0.703;       0.280;   9301.7320;       0.280;   4106.3221;            ;            ;            ;
                              ;      83.383;       0.738;       0.283;   8542.6519;       0.283;   3933.9157;            ;            ;            ;
                              ;      84.137;       0.754;       0.287;   5990.0728;       0.287;   3782.9376;            ;            ;            ;
                              ;      84.891;       0.754;       0.290;   2847.1075;       0.290;   3651.6818;            ;            ;            ;
                              ;      85.676;       0.785;       0.293;    621.1391;       0.293;   3538.6825;            ;            ;            ;
                              ;      86.441;       0.766;       0.297;    271.6042;       0.297;   3442.6978;            ;            ;            ;
                              ;      87.152;       0.711;       0.300;   1686.5377;       0.300;   3362.6926;            ;            ;            ;
                              ;      87.852;       0.699;       0.303;   3735.3770;       0.303;   3297.8254;            ;            ;            ;
                              ;      88.535;       0.684;       0.307;   5088.6642;       0.307;   3247.4346;            ;            ;            ;
                              ;      89.227;       0.691;       0.310;   5146.7821;       0.310;   3211.0279;            ;            ;            ;
                              ;      89.918;       0.691;       0.313;   4111.4148;       0.313;   3188.2717;            ;            ;            ;
                              ;      90.598;       0.680;       0.317;   2497.4657;       0.317;   3178.9821;            ;            ;            ;
                              ;      91.293;       0.695;       0.320;    957.7362;       0.320;   3183.1146;            ;            ;            ;
                              ;      91.988;       0.695;       0.323;    151.0963;       0.323;   3200.7525;            ;            ;            ;
                              ;      92.766;       0.777;       0.327;    327.9083;       0.327;   3232.0913;            ;            ;            ;
                              ;      93.773;       0.953;       0.330;   1253.9582;       0.330;   3277.4167;            ;            ;            ;
                              ;      94.727;       0.953;       0.333;   2533.2657;       0.333;   3337.0713;            ;            ;            ;
                              ;      95.402;       0.676;       0.337;   3724.5770;       0.337;   3411.4057;            ;            ;            ;
