HRV ANALYSIS RESULTS - 20-May-2022 15:24:39
Kubios HRV Standard
3.4.3
released in December 2020

Analyzed by:  -  - 

File name: C:\Users\ivan\Documents\Mestrado\Dissertação\Resultados\ECG\Intervalos\Feito\NNi_001_Virtual Cane_Retorno.txt
Measurement date:  
File type: asciiCUSTOM
Channel label: RR data
Data length: 00:07:07 (h:min:s)
Measurement rate: - 

Parameters
 Number of samples: 1
 Detrending method: Smoothn priors (lambda: 500)
 Min/Max HR as average of: 5 beats
 Threshold for NNxx/pNNxx: 50 ms
 Frequency bands
  VLF: 0 - 0.04 Hz
  LF: 0.04 - 0.15 Hz
  HF: 0.15 - 0.4 Hz
 Interpolation rate: 4 Hz
 Points in frequency-domain: 300 points/Hz
 FFT spectrum options
  Window width: 300 s
  Window overlap: 50 %
 AR spectrum options
  AR model order: 16
  Use factorization: No
 Apply detrending for nonlinear analysis: 1
 Entropy, embedding dimension: 2
 Entropy, tolerance: 0.2 x SD
 DFA, short-term fluctuations: 4-12 beats
 DFA, long-term fluctuations: 13-64 beats

RR Interval Samples Selected for Analysis
                              ;    Sample 1;
  Sample limits (hh:mm:ss):   ;00:00:00-00:07:07;
  Sample Analysis Type: Single sample
  Beat correction: Threshold (medium)
  Beats total:                ;         173;
  Beats corrected:            ;          58;
  Beats corrected (%):        ;        33.5;
  Effective data length (s):  ;         156;
  Effective data length (%):  ;       36.64;


RESULTS FOR A SINGLE SAMPLE

Results Overview              ;
  PNS index:                  ;      2.5471;            ;
  SNS index:                  ;     -0.8242;            ;
  Stress index:               ;      4.3564;            ;

Time-Domain Results           ;
 Statistical parameters       ;
  Mean RR  (ms):              ;    898.5285;            ;
  SDNN (ms):                  ;    116.0031;            ;
  Mean HR (beats/min):        ;     66.7758;            ;
  SD HR (beats/min):          ;      8.9022;            ;
  Min HR (beats/min):         ;     45.9069;            ;
  Max HR (beats/min):         ;     85.3190;            ;
  RMSSD (ms):                 ;    137.0670;            ;
  NNxx (beats):               ;         115;            ;
  pNNxx (%):                  ;     66.8605;            ;
  SDANN (ms):                 ;         NaN;            ;
  SDNN index (ms):            ;         NaN;            ;
 Geometric parameters         ;
  RR tri index:               ;   19.222222;            ;
  TINN (ms):                  ;    512.0000;            ;

Frequency-Domain Results      ;FFT spectrum; AR spectrum;
 Peak frequencies             ;
  VLF (Hz):                   ;    0.036667;    0.040000;
  LF (Hz):                    ;    0.043333;    0.096667;
  HF (Hz):                    ;    0.210000;    0.150000;
 Absolute powers              ;
  VLF (ms^2):                 ;    770.3030;    793.2170;
  LF (ms^2):                  ;   3556.2804;   3115.8570;
  HF (ms^2):                  ;   3031.8382;   2372.6132;
  VLF (log):                  ;      6.6468;      6.6761;
  LF (log):                   ;      8.1765;      8.0443;
  HF (log):                   ;      8.0169;      7.7717;
 Relative powers              ;
  VLF (%):                    ;     10.4593;     12.6212;
  LF (%):                     ;     48.2877;     49.5776;
  HF (%):                     ;     41.1667;     37.7516;
 Normalized powers            ;
  LF (n.u.):                  ;     53.9282;     56.7387;
  HF (n.u.):                  ;     45.9754;     43.2045;
 Total power (ms^2):          ;   7364.7775;   6284.8032;
 LF/HF ratio:                 ;      1.1730;      1.3133;


Nonlinear Results             ;
 Poincare plot                ;
  SD1 (ms):                   ;   97.204229;            ;
  SD2 (ms):                   ;  132.580447;            ;
  SD2/SD1 ratio:              ;    1.363937;            ;
 Approximate entropy (ApEn):  ;      0.7517;            ;
 Sample entropy (SampEn):     ;      2.1086;            ;
 Detrended fluctuation analysis (DFA);
  alpha 1:                    ;      0.7145;            ;
  alpha 2:                    ;      0.3293;            ;


RR INTERVAL DATA and SPECTRUM ESTIMATES;
                              ;    SAMPLE 1;            ;            ;            ;            ;            ;            ;            ;            ;
                              ;     RR Data;            ;FFT spectrum;            ; AR Spectrum;            ;            ;            ;            ;
                              ;        Time; RR interval;   Frequency;         PSD;   Frequency;         PSD;   VLF comp.;    LF comp.;    HF comp.;
                              ;         (s);         (s);        (Hz);   (ms^2/Hz);        (Hz);   (ms^2/Hz);   (ms^2/Hz);   (ms^2/Hz);   (ms^2/Hz);
                              ;       2.961;       0.859;       0.000;      0.1912;       0.000;   9541.6174;            ;            ;            ;
                              ;       5.695;       0.859;       0.003;      1.8649;       0.003;  19106.5559;            ;            ;            ;
                              ;       6.594;       0.898;       0.007;      3.7814;       0.007;  19176.6164;            ;            ;            ;
                              ;       7.266;       0.672;       0.010;     94.9244;       0.010;  19293.7042;            ;            ;            ;
                              ;       8.531;       0.936;       0.013;     50.2227;       0.013;  19458.2879;            ;            ;            ;
                              ;       9.645;       1.113;       0.017;    287.0279;       0.017;  19670.9985;            ;            ;            ;
                              ;      10.539;       0.895;       0.020;   5747.2052;       0.020;  19932.6022;            ;            ;            ;
                              ;      11.883;       0.826;       0.023;  15723.2844;       0.023;  20243.9616;            ;            ;            ;
                              ;      12.715;       0.832;       0.027;  15637.2410;       0.027;  20605.9834;            ;            ;            ;
                              ;      13.438;       0.723;       0.030;  22226.9427;       0.030;  21019.5481;            ;            ;            ;
                              ;      14.996;       0.674;       0.033;  50681.7197;       0.033;  21485.4193;            ;            ;            ;
                              ;      15.691;       0.695;       0.037;  85926.9728;       0.037;  22004.1254;            ;            ;            ;
                              ;      27.551;       0.733;       0.040;  70257.5761;       0.040;  22575.8115;            ;            ;            ;
                              ;      28.305;       0.754;       0.043; 104003.2745;       0.043;  23200.0539;            ;            ;            ;
                              ;      29.039;       0.734;       0.047;  64000.4757;       0.047;  23875.6347;            ;            ;            ;
                              ;      29.723;       0.684;       0.050;  30475.9766;       0.050;  24600.2726;            ;            ;            ;
                              ;      30.391;       0.668;       0.053;  27524.3993;       0.053;  25370.3109;            ;            ;            ;
                              ;      31.574;       0.774;       0.057;  28294.7146;       0.057;  26180.3708;            ;            ;            ;
                              ;      32.789;       0.901;       0.060;  31494.7412;       0.060;  27022.9822;            ;            ;            ;
                              ;      33.688;       0.898;       0.063;   8046.0031;       0.063;  27888.2213;            ;            ;            ;
                              ;      34.426;       0.738;       0.067;  10680.6245;       0.067;  28763.3947;            ;            ;            ;
                              ;      35.141;       0.715;       0.070;  19134.8434;       0.070;  29632.8279;            ;            ;            ;
                              ;      35.840;       0.699;       0.073;  14076.6441;       0.073;  30477.8291;            ;            ;            ;
                              ;      36.617;       0.777;       0.077;  26223.8938;       0.077;  31276.9107;            ;            ;            ;
                              ;      37.355;       0.738;       0.080;  34401.8339;       0.080;  32006.3427;            ;            ;            ;
                              ;      38.242;       0.887;       0.083;  37106.5943;       0.083;  32641.0916;            ;            ;            ;
                              ;      38.953;       0.711;       0.087;  57243.8360;       0.087;  33156.1484;            ;            ;            ;
                              ;      39.988;       1.035;       0.090;  30977.1417;       0.090;  33528.1791;            ;            ;            ;
                              ;      42.039;       1.129;       0.093;  55059.6925;       0.093;  33737.3476;            ;            ;            ;
                              ;      43.051;       1.012;       0.097;  39902.4527;       0.097;  33769.0862;            ;            ;            ;
                              ;      43.977;       0.926;       0.100;  15987.7262;       0.100;  33615.5487;            ;            ;            ;
                              ;      44.777;       0.801;       0.103;  14100.6502;       0.103;  33276.4979;            ;            ;            ;
                              ;      45.590;       0.813;       0.107;   6755.1579;       0.107;  32759.4580;            ;            ;            ;
                              ;      46.316;       0.727;       0.110;  11858.8154;       0.110;  32079.0915;            ;            ;            ;
                              ;      47.426;       1.109;       0.113;  27662.0837;       0.113;  31255.9009;            ;            ;            ;
                              ;      48.273;       0.848;       0.117;  41336.4334;       0.117;  30314.4712;            ;            ;            ;
                              ;      49.082;       0.809;       0.120;  38414.9574;       0.120;  29281.5272;            ;            ;            ;
                              ;      50.426;       0.825;       0.123;  29951.7531;       0.123;  28184.0739;            ;            ;            ;
                              ;     115.449;       0.814;       0.127;  23646.7732;       0.127;  27047.8240;            ;            ;            ;
                              ;     116.289;       0.840;       0.130;  20889.6213;       0.130;  25896.0341;            ;            ;            ;
                              ;     117.270;       0.980;       0.133;  46012.8862;       0.133;  24748.7790;            ;            ;            ;
                              ;     118.426;       1.156;       0.137;  35090.4935;       0.137;  23622.6278;            ;            ;            ;
                              ;     119.250;       0.824;       0.140;  37555.2458;       0.140;  22530.6437;            ;            ;            ;
                              ;     120.625;       0.657;       0.143;  40144.5182;       0.143;  21482.6143;            ;            ;            ;
                              ;     121.930;       0.749;       0.147;  17034.8741;       0.147;  20485.4221;            ;            ;            ;
                              ;     123.238;       0.943;       0.150;  15840.7445;       0.150;  19543.4828;            ;            ;            ;
                              ;     124.602;       1.083;       0.153;   7725.9568;       0.153;  18659.1941;            ;            ;            ;
                              ;     125.613;       1.012;       0.157;   4395.8895;       0.157;  17833.3605;            ;            ;            ;
                              ;     126.438;       0.824;       0.160;   8446.6624;       0.160;  17065.5715;            ;            ;            ;
                              ;     127.492;       1.055;       0.163;   7122.8748;       0.163;  16354.5250;            ;            ;            ;
                              ;     128.285;       0.793;       0.167;  10032.5994;       0.167;  15698.2942;            ;            ;            ;
                              ;     130.070;       0.605;       0.170;  26742.1646;       0.170;  15094.5412;            ;            ;            ;
                              ;     132.168;       0.630;       0.173;  38919.6958;       0.173;  14540.6841;            ;            ;            ;
                              ;     132.922;       0.754;       0.177;  19682.7065;       0.177;  14034.0230;            ;            ;            ;
                              ;     133.742;       0.820;       0.180;  13316.1291;       0.180;  13571.8336;            ;            ;            ;
                              ;     134.449;       0.707;       0.183;  11838.9240;       0.183;  13151.4343;            ;            ;            ;
                              ;     135.258;       0.809;       0.187;   7909.4745;       0.187;  12770.2313;            ;            ;            ;
                              ;     136.020;       0.762;       0.190;  15717.5197;       0.190;  12425.7476;            ;            ;            ;
                              ;     137.281;       0.766;       0.193;  26437.6589;       0.193;  12115.6398;            ;            ;            ;
                              ;     138.055;       0.773;       0.197;  16022.2022;       0.197;  11837.7043;            ;            ;            ;
                              ;     138.801;       0.746;       0.200;  31380.8309;       0.200;  11589.8773;            ;            ;            ;
                              ;     139.750;       0.949;       0.203;  20837.3582;       0.203;  11370.2284;            ;            ;            ;
                              ;     140.973;       1.037;       0.207;  15404.0413;       0.207;  11176.9502;            ;            ;            ;
                              ;     142.055;       0.965;       0.210;  40636.8246;       0.210;  11008.3453;            ;            ;            ;
                              ;     142.871;       0.816;       0.213;  25856.1853;       0.213;  10862.8101;            ;            ;            ;
                              ;     143.586;       0.715;       0.217;  21552.2512;       0.217;  10738.8170;            ;            ;            ;
                              ;     144.383;       0.797;       0.220;  22431.0216;       0.220;  10634.8943;            ;            ;            ;
                              ;     145.211;       0.828;       0.223;   6502.9900;       0.223;  10549.6057;            ;            ;            ;
                              ;     146.109;       0.898;       0.227;   9578.8450;       0.227;  10481.5276;            ;            ;            ;
                              ;     146.875;       0.766;       0.230;  10109.0456;       0.230;  10429.2258;            ;            ;            ;
                              ;     147.703;       0.828;       0.233;  10321.9405;       0.233;  10391.2313;            ;            ;            ;
                              ;     148.652;       0.949;       0.237;   6173.3409;       0.237;  10366.0164;            ;            ;            ;
                              ;     149.344;       0.691;       0.240;   5485.6352;       0.240;  10351.9702;            ;            ;            ;
                              ;     150.078;       0.734;       0.243;   9582.2468;       0.243;  10347.3761;            ;            ;            ;
                              ;     151.242;       0.795;       0.247;  14159.4839;       0.247;  10350.3911;            ;            ;            ;
                              ;     152.043;       0.801;       0.250;   8929.2300;       0.250;  10359.0293;            ;            ;            ;
                              ;     153.152;       0.804;       0.253;   8769.4880;       0.253;  10371.1506;            ;            ;            ;
                              ;     153.918;       0.766;       0.257;  23064.1814;       0.257;  10384.4575;            ;            ;            ;
                              ;     154.598;       0.680;       0.260;  18260.1120;       0.260;  10396.5017;            ;            ;            ;
                              ;     156.293;       0.696;       0.263;   9217.0259;       0.263;  10404.7029;            ;            ;            ;
                              ;     157.074;       0.781;       0.267;   4314.3572;       0.267;  10406.3820;            ;            ;            ;
                              ;     157.953;       0.879;       0.270;   1557.7808;       0.270;  10398.8106;            ;            ;            ;
                              ;     158.887;       0.934;       0.273;   6913.1633;       0.273;  10379.2760;            ;            ;            ;
                              ;     159.609;       0.723;       0.277;   9185.2169;       0.277;  10345.1614;            ;            ;            ;
                              ;     160.445;       0.836;       0.280;   8749.2407;       0.280;  10294.0391;            ;            ;            ;
                              ;     162.195;       0.869;       0.283;   9870.8695;       0.283;  10223.7705;            ;            ;            ;
                              ;     163.488;       0.806;       0.287;  20405.9222;       0.287;  10132.6066;            ;            ;            ;
                              ;     164.313;       0.824;       0.290;  22103.9436;       0.290;  10019.2813;            ;            ;            ;
                              ;     165.293;       0.980;       0.293;  10979.1462;       0.293;   9883.0879;            ;            ;            ;
                              ;     166.254;       0.961;       0.297;  17061.9347;       0.297;   9723.9309;            ;            ;            ;
                              ;     167.102;       0.848;       0.300;  13181.3491;       0.300;   9542.3468;            ;            ;            ;
                              ;     168.063;       0.961;       0.303;   3413.4829;       0.303;   9339.4889;            ;            ;            ;
                              ;     169.313;       1.017;       0.307;   9225.0855;       0.307;   9117.0780;            ;            ;            ;
                              ;     170.004;       0.974;       0.310;  16467.8654;       0.310;   8877.3209;            ;            ;            ;
                              ;     170.906;       0.902;       0.313;  25511.5040;       0.313;   8622.8050;            ;            ;            ;
                              ;     188.023;       0.860;       0.317;  23857.5594;       0.317;   8356.3767;            ;            ;            ;
                              ;     188.887;       0.863;       0.320;  11237.6700;       0.320;   8081.0160;            ;            ;            ;
                              ;     190.398;       0.915;       0.323;  10087.2634;       0.323;   7799.7147;            ;            ;            ;
                              ;     191.395;       0.996;       0.327;   6801.1994;       0.327;   7515.3683;            ;            ;            ;
                              ;     209.566;       1.083;       0.330;   4453.6038;       0.330;   7230.6862;            ;            ;            ;
                              ;     211.324;       1.139;       0.333;   8015.1553;       0.333;   6948.1240;            ;            ;            ;
                              ;     212.449;       1.125;       0.337;  11770.4894;       0.337;   6669.8381;            ;            ;            ;
