HRV ANALYSIS RESULTS - 20-May-2022 15:30:07
Kubios HRV Standard
3.4.3
released in December 2020

Analyzed by:  -  - 

File name: C:\Users\ivan\Documents\Mestrado\Dissertação\Resultados\ECG\Intervalos\NNi_002C_Baseline_Primeira_visita.txt
Measurement date:  
File type: asciiCUSTOM
Channel label: RR data
Data length: 00:02:02 (h:min:s)
Measurement rate: - 

Parameters
 Number of samples: 1
 Detrending method: Smoothn priors (lambda: 500)
 Min/Max HR as average of: 5 beats
 Threshold for NNxx/pNNxx: 50 ms
 Frequency bands
  VLF: 0 - 0.04 Hz
  LF: 0.04 - 0.15 Hz
  HF: 0.15 - 0.4 Hz
 Interpolation rate: 4 Hz
 Points in frequency-domain: 300 points/Hz
 FFT spectrum options
  Window width: 300 s
  Window overlap: 50 %
 AR spectrum options
  AR model order: 16
  Use factorization: No
 Apply detrending for nonlinear analysis: 1
 Entropy, embedding dimension: 2
 Entropy, tolerance: 0.2 x SD
 DFA, short-term fluctuations: 4-12 beats
 DFA, long-term fluctuations: 13-64 beats

RR Interval Samples Selected for Analysis
                              ;    Sample 1;
  Sample limits (hh:mm:ss):   ;00:00:00-00:02:02;
  Sample Analysis Type: Single sample
  Beat correction: Threshold (medium)
  Beats total:                ;         123;
  Beats corrected:            ;          34;
  Beats corrected (%):        ;        27.6;
  Effective data length (s):  ;         110;
  Effective data length (%):  ;       90.08;


RESULTS FOR A SINGLE SAMPLE

Results Overview              ;
  PNS index:                  ;      0.0280;            ;
  SNS index:                  ;     -0.2491;            ;
  Stress index:               ;      6.1336;            ;

Time-Domain Results           ;
 Statistical parameters       ;
  Mean RR  (ms):              ;    885.2678;            ;
  SDNN (ms):                  ;     93.7686;            ;
  Mean HR (beats/min):        ;     67.7761;            ;
  SD HR (beats/min):          ;      7.9787;            ;
  Min HR (beats/min):         ;     43.7731;            ;
  Max HR (beats/min):         ;     88.8889;            ;
  RMSSD (ms):                 ;     53.9213;            ;
  NNxx (beats):               ;          19;            ;
  pNNxx (%):                  ;     15.5738;            ;
  SDANN (ms):                 ;         NaN;            ;
  SDNN index (ms):            ;         NaN;            ;
 Geometric parameters         ;
  RR tri index:               ;   10.250000;            ;
  TINN (ms):                  ;    423.0000;            ;

Frequency-Domain Results      ;FFT spectrum; AR spectrum;
 Peak frequencies             ;
  VLF (Hz):                   ;    0.030000;    0.040000;
  LF (Hz):                    ;    0.050000;    0.063333;
  HF (Hz):                    ;    0.150000;    0.150000;
 Absolute powers              ;
  VLF (ms^2):                 ;   2259.1704;   2029.8692;
  LF (ms^2):                  ;   6884.7329;   5689.7268;
  HF (ms^2):                  ;   1357.2566;    861.6081;
  VLF (log):                  ;      7.7228;      7.6157;
  LF (log):                   ;      8.8371;      8.6464;
  HF (log):                   ;      7.2132;      6.7588;
 Relative powers              ;
  VLF (%):                    ;     21.5118;     23.6533;
  LF (%):                     ;     65.5562;     66.3002;
  HF (%):                     ;     12.9238;     10.0400;
 Normalized powers            ;
  LF (n.u.):                  ;     83.5236;     86.8410;
  HF (n.u.):                  ;     16.4658;     13.1505;
 Total power (ms^2):          ;  10502.0295;   8581.7593;
 LF/HF ratio:                 ;      5.0725;      6.6036;


Nonlinear Results             ;
 Poincare plot                ;
  SD1 (ms):                   ;   38.292741;            ;
  SD2 (ms):                   ;  127.100416;            ;
  SD2/SD1 ratio:              ;    3.319178;            ;
 Approximate entropy (ApEn):  ;      0.6409;            ;
 Sample entropy (SampEn):     ;      0.8823;            ;
 Detrended fluctuation analysis (DFA);
  alpha 1:                    ;      1.7655;            ;
  alpha 2:                    ;      0.1643;            ;


RR INTERVAL DATA and SPECTRUM ESTIMATES;
                              ;    SAMPLE 1;            ;            ;            ;            ;            ;            ;            ;            ;
                              ;     RR Data;            ;FFT spectrum;            ; AR Spectrum;            ;            ;            ;            ;
                              ;        Time; RR interval;   Frequency;         PSD;   Frequency;         PSD;   VLF comp.;    LF comp.;    HF comp.;
                              ;         (s);         (s);        (Hz);   (ms^2/Hz);        (Hz);   (ms^2/Hz);   (ms^2/Hz);   (ms^2/Hz);   (ms^2/Hz);
                              ;       0.672;       0.672;       0.000;      3.9660;       0.000;  21594.4984;            ;            ;            ;
                              ;       1.352;       0.680;       0.003;    326.1052;       0.003;  43342.8996;            ;            ;            ;
                              ;       2.043;       0.691;       0.007;   1181.6566;       0.007;  43807.7845;            ;            ;            ;
                              ;       2.738;       0.695;       0.010;   2267.7573;       0.010;  44593.2036;            ;            ;            ;
                              ;       3.418;       0.680;       0.013;   4531.9200;       0.013;  45715.1342;            ;            ;            ;
                              ;       4.109;       0.691;       0.017;  14096.4638;       0.017;  47195.9809;            ;            ;            ;
                              ;       4.855;       0.746;       0.020;  41983.5278;       0.020;  49064.3913;            ;            ;            ;
                              ;       5.563;       0.707;       0.023;  90609.9356;       0.023;  51354.6369;            ;            ;            ;
                              ;       6.242;       0.680;       0.027; 138172.9249;       0.027;  54105.1412;            ;            ;            ;
                              ;       7.527;       0.670;       0.030; 150421.8383;       0.030;  57355.4930;            ;            ;            ;
                              ;       8.207;       0.680;       0.033; 119162.3503;       0.033;  61140.9215;            ;            ;            ;
                              ;       8.934;       0.727;       0.037;  78695.2104;       0.037;  65482.7886;            ;            ;            ;
                              ;       9.727;       0.793;       0.040;  72301.4083;       0.040;  70373.2749;            ;            ;            ;
                              ;      10.477;       0.750;       0.043; 109787.6604;       0.043;  75752.5250;            ;            ;            ;
                              ;      11.195;       0.719;       0.047; 162054.1001;       0.047;  81477.9037;            ;            ;            ;
                              ;      11.871;       0.676;       0.050; 186294.2115;       0.050;  87289.0943;            ;            ;            ;
                              ;      13.203;       0.669;       0.053; 159653.9559;       0.053;  92780.7880;            ;            ;            ;
                              ;      13.891;       0.688;       0.057; 103381.2098;       0.057;  97405.4415;            ;            ;            ;
                              ;      15.234;       0.702;       0.060;  66615.1541;       0.060; 100534.2520;            ;            ;            ;
                              ;      15.930;       0.695;       0.063;  73530.9613;       0.063; 101590.0707;            ;            ;            ;
                              ;      16.617;       0.688;       0.067;  99336.5635;       0.067; 100222.3340;            ;            ;            ;
                              ;      17.363;       0.746;       0.070; 106972.9160;       0.070;  96443.6409;            ;            ;            ;
                              ;      18.090;       0.727;       0.073;  89952.1296;       0.073;  90644.0704;            ;            ;            ;
                              ;      18.777;       0.688;       0.077;  71031.8722;       0.077;  83467.9880;            ;            ;            ;
                              ;      19.445;       0.668;       0.080;  72316.5725;       0.080;  75624.2627;            ;            ;            ;
                              ;      20.129;       0.684;       0.083;  92832.1212;       0.083;  67725.6957;            ;            ;            ;
                              ;      20.840;       0.711;       0.087; 110224.3761;       0.087;  60209.1579;            ;            ;            ;
                              ;      21.543;       0.703;       0.090; 103060.4370;       0.090;  53330.4922;            ;            ;            ;
                              ;      22.262;       0.719;       0.093;  72138.6340;       0.093;  47200.8627;            ;            ;            ;
                              ;      22.973;       0.711;       0.097;  38430.0168;       0.097;  41833.8419;            ;            ;            ;
                              ;      23.668;       0.695;       0.100;  20710.2509;       0.100;  37186.2590;            ;            ;            ;
                              ;      24.367;       0.699;       0.103;  18918.8747;       0.103;  33187.4582;            ;            ;            ;
                              ;      25.148;       0.781;       0.107;  20718.6935;       0.107;  29757.7370;            ;            ;            ;
                              ;      25.930;       0.781;       0.110;  18122.1754;       0.110;  26818.7506;            ;            ;            ;
                              ;      26.691;       0.762;       0.113;  12030.8950;       0.113;  24298.6649;            ;            ;            ;
                              ;      27.445;       0.754;       0.117;   7142.8128;       0.117;  22134.1736;            ;            ;            ;
                              ;      28.145;       0.699;       0.120;   9239.7580;       0.120;  20270.7892;            ;            ;            ;
                              ;      28.820;       0.676;       0.123;  20185.0617;       0.123;  18662.2731;            ;            ;            ;
                              ;      29.488;       0.668;       0.127;  31661.6409;       0.127;  17269.7034;            ;            ;            ;
                              ;      30.172;       0.684;       0.130;  32937.9159;       0.130;  16060.4486;            ;            ;            ;
                              ;      30.930;       0.758;       0.133;  24785.1811;       0.133;  15007.1824;            ;            ;            ;
                              ;      31.664;       0.734;       0.137;  16671.0154;       0.137;  14086.9992;            ;            ;            ;
                              ;      32.375;       0.711;       0.140;  14660.9400;       0.140;  13280.6477;            ;            ;            ;
                              ;      33.063;       0.688;       0.143;  19282.2576;       0.143;  12571.8815;            ;            ;            ;
                              ;      33.746;       0.684;       0.147;  27801.9755;       0.147;  11946.9157;            ;            ;            ;
                              ;      34.461;       0.715;       0.150;  33844.5292;       0.150;  11393.9757;            ;            ;            ;
                              ;      35.156;       0.695;       0.153;  31874.8583;       0.153;  10902.9235;            ;            ;            ;
                              ;      35.828;       0.672;       0.157;  23938.5299;       0.157;  10464.9492;            ;            ;            ;
                              ;      37.180;       0.671;       0.160;  17418.1872;       0.160;  10072.3182;            ;            ;            ;
                              ;      37.875;       0.695;       0.163;  16355.8277;       0.163;   9718.1631;            ;            ;            ;
                              ;      38.594;       0.719;       0.167;  17462.4827;       0.167;   9396.3165;            ;            ;            ;
                              ;      39.273;       0.680;       0.170;  15094.3931;       0.170;   9101.1780;            ;            ;            ;
                              ;      39.957;       0.684;       0.173;   8880.2468;       0.173;   8827.6131;            ;            ;            ;
                              ;      40.625;       0.668;       0.177;   3496.6336;       0.177;   8570.8825;            ;            ;            ;
                              ;      41.316;       0.691;       0.180;   1760.3074;       0.180;   8326.5989;            ;            ;            ;
                              ;      41.988;       0.672;       0.183;   2936.8023;       0.183;   8090.7127;            ;            ;            ;
                              ;      42.695;       0.707;       0.187;   6307.1716;       0.187;   7859.5224;            ;            ;            ;
                              ;      43.988;       0.729;       0.190;  10713.5811;       0.190;   7629.7092;            ;            ;            ;
                              ;      45.953;       0.721;       0.193;  13124.9804;       0.193;   7398.3894;            ;            ;            ;
                              ;      47.922;       0.700;       0.197;  12266.6670;       0.197;   7163.1789;            ;            ;            ;
                              ;      48.602;       0.680;       0.200;  10542.1581;       0.200;   6922.2604;            ;            ;            ;
                              ;      50.563;       0.671;       0.203;  10021.5849;       0.203;   6674.4419;            ;            ;            ;
                              ;      51.234;       0.672;       0.207;   9947.2253;       0.207;   6419.1946;            ;            ;            ;
                              ;      51.914;       0.680;       0.210;   9023.4134;       0.210;   6156.6611;            ;            ;            ;
                              ;      53.246;       0.699;       0.213;   7377.7413;       0.213;   5887.6254;            ;            ;            ;
                              ;      53.926;       0.680;       0.217;   5947.9727;       0.217;   5613.4432;            ;            ;            ;
                              ;      54.594;       0.668;       0.220;   5655.3157;       0.220;   5335.9351;            ;            ;            ;
                              ;      55.262;       0.976;       0.223;   7237.1227;       0.223;   5057.2524;            ;            ;            ;
                              ;      56.559;       1.297;       0.227;  10328.7638;       0.227;   4779.7284;            ;            ;            ;
                              ;      57.871;       1.313;       0.230;  12600.8368;       0.230;   4505.7291;            ;            ;            ;
                              ;      59.898;       1.294;       0.233;  11756.1094;       0.233;   4237.5178;            ;            ;            ;
                              ;      61.203;       1.305;       0.237;   8460.1841;       0.237;   3977.1442;            ;            ;            ;
                              ;      63.160;       1.318;       0.240;   5311.8443;       0.240;   3726.3637;            ;            ;            ;
                              ;      65.133;       1.326;       0.243;   3527.1854;       0.243;   3486.5903;            ;            ;            ;
                              ;      66.457;       1.324;       0.247;   2590.7394;       0.247;   3258.8790;            ;            ;            ;
                              ;      67.773;       1.316;       0.250;   2073.5473;       0.250;   3043.9339;            ;            ;            ;
                              ;      68.441;       1.330;       0.253;   2008.7571;       0.253;   2842.1358;            ;            ;            ;
                              ;      69.164;       1.360;       0.257;   2235.6384;       0.257;   2653.5812;            ;            ;            ;
                              ;      69.910;       1.389;       0.260;   2441.1778;       0.260;   2478.1294;            ;            ;            ;
                              ;      70.605;       1.399;       0.263;   2522.3765;       0.263;   2315.4490;            ;            ;            ;
                              ;      71.980;       1.375;       0.267;   2576.2244;       0.267;   2165.0644;            ;            ;            ;
                              ;      73.301;       1.320;       0.270;   2727.8628;       0.270;   2026.3964;            ;            ;            ;
                              ;      75.258;       1.302;       0.273;   3037.2120;       0.273;   1898.7985;            ;            ;            ;
                              ;      75.953;       1.317;       0.277;   3470.4131;       0.277;   1781.5857;            ;            ;            ;
                              ;      77.297;       1.344;       0.280;   3913.9813;       0.280;   1674.0589;            ;            ;            ;
                              ;      79.230;       1.361;       0.283;   4189.2946;       0.283;   1575.5230;            ;            ;            ;
                              ;      81.160;       1.366;       0.287;   4076.3746;       0.287;   1485.3004;            ;            ;            ;
                              ;      82.520;       1.359;       0.290;   3459.4424;       0.290;   1402.7411;            ;            ;            ;
                              ;      83.203;       1.344;       0.293;   2513.1803;       0.293;   1327.2284;            ;            ;            ;
                              ;      84.523;       1.320;       0.297;   1631.8158;       0.297;   1258.1834;            ;            ;            ;
                              ;      85.824;       1.301;       0.300;   1119.5559;       0.300;   1195.0665;            ;            ;            ;
                              ;      87.129;       1.305;       0.303;   1034.1223;       0.303;   1137.3781;            ;            ;            ;
                              ;      88.410;       1.281;       0.307;   1299.4998;       0.307;   1084.6575;            ;            ;            ;
                              ;      89.078;       1.268;       0.310;   1803.5030;       0.310;   1036.4815;            ;            ;            ;
                              ;      89.746;       1.273;       0.313;   2370.5636;       0.313;    992.4629;            ;            ;            ;
                              ;      91.035;       1.289;       0.317;   2794.4886;       0.317;    952.2474;            ;            ;            ;
                              ;      98.074;       1.307;       0.320;   2965.6907;       0.320;    915.5119;            ;            ;            ;
                              ;      98.766;       1.317;       0.323;   2909.2577;       0.323;    881.9615;            ;            ;            ;
                              ;     100.074;       1.309;       0.327;   2691.6157;       0.327;    851.3269;            ;            ;            ;
                              ;     101.383;       1.309;       0.330;   2358.9598;       0.330;    823.3624;            ;            ;            ;
                              ;     102.785;       1.402;       0.333;   1981.7934;       0.333;    797.8429;            ;            ;            ;
                              ;     103.453;       1.417;       0.337;   1676.9891;       0.337;    774.5620;            ;            ;            ;
