HRV ANALYSIS RESULTS - 20-May-2022 15:47:03
Kubios HRV Standard
3.4.3
released in December 2020

Analyzed by:  -  - 

File name: C:\Users\ivan\Documents\Mestrado\Dissertação\Resultados\ECG\Intervalos\NNi_004_Baseline_Primeira_visita.txt
Measurement date:  
File type: asciiCUSTOM
Channel label: RR data
Data length: 00:02:31 (h:min:s)
Measurement rate: - 

Parameters
 Number of samples: 1
 Detrending method: Smoothn priors (lambda: 500)
 Min/Max HR as average of: 5 beats
 Threshold for NNxx/pNNxx: 50 ms
 Frequency bands
  VLF: 0 - 0.04 Hz
  LF: 0.04 - 0.15 Hz
  HF: 0.15 - 0.4 Hz
 Interpolation rate: 4 Hz
 Points in frequency-domain: 300 points/Hz
 FFT spectrum options
  Window width: 300 s
  Window overlap: 50 %
 AR spectrum options
  AR model order: 16
  Use factorization: No
 Apply detrending for nonlinear analysis: 1
 Entropy, embedding dimension: 2
 Entropy, tolerance: 0.2 x SD
 DFA, short-term fluctuations: 4-12 beats
 DFA, long-term fluctuations: 13-64 beats

RR Interval Samples Selected for Analysis
                              ;    Sample 1;
  Sample limits (hh:mm:ss):   ;00:00:00-00:02:31;
  Sample Analysis Type: Single sample
  Beat correction: Threshold (medium)
  Beats total:                ;         152;
  Beats corrected:            ;          32;
  Beats corrected (%):        ;        21.1;
  Effective data length (s):  ;         142;
  Effective data length (%):  ;       93.96;


RESULTS FOR A SINGLE SAMPLE

Results Overview              ;
  PNS index:                  ;      1.9437;            ;
  SNS index:                  ;     -0.6921;            ;
  Stress index:               ;      5.9106;            ;

Time-Domain Results           ;
 Statistical parameters       ;
  Mean RR  (ms):              ;    918.5120;            ;
  SDNN (ms):                  ;     91.7866;            ;
  Mean HR (beats/min):        ;     65.3230;            ;
  SD HR (beats/min):          ;      6.9024;            ;
  Min HR (beats/min):         ;     50.1273;            ;
  Max HR (beats/min):         ;     76.7216;            ;
  RMSSD (ms):                 ;    110.5466;            ;
  NNxx (beats):               ;          76;            ;
  pNNxx (%):                  ;     50.3311;            ;
  SDANN (ms):                 ;         NaN;            ;
  SDNN index (ms):            ;         NaN;            ;
 Geometric parameters         ;
  RR tri index:               ;   13.818182;            ;
  TINN (ms):                  ;    413.0000;            ;

Frequency-Domain Results      ;FFT spectrum; AR spectrum;
 Peak frequencies             ;
  VLF (Hz):                   ;    0.040000;    0.040000;
  LF (Hz):                    ;    0.040000;    0.106667;
  HF (Hz):                    ;    0.333333;    0.150000;
 Absolute powers              ;
  VLF (ms^2):                 ;    462.9789;    872.0000;
  LF (ms^2):                  ;   2893.3309;   3447.5283;
  HF (ms^2):                  ;   4201.2123;   3704.7093;
  VLF (log):                  ;      6.1377;      6.7708;
  LF (log):                   ;      7.9702;      8.1454;
  HF (log):                   ;      8.3431;      8.2174;
 Relative powers              ;
  VLF (%):                    ;      6.1145;     10.8538;
  LF (%):                     ;     38.2120;     42.9114;
  HF (%):                     ;     55.4851;     46.1125;
 Normalized powers            ;
  LF (n.u.):                  ;     40.7006;     48.1360;
  HF (n.u.):                  ;     59.0987;     51.7269;
 Total power (ms^2):          ;   7571.7884;   8034.0595;
 LF/HF ratio:                 ;      0.6887;      0.9306;


Nonlinear Results             ;
 Poincare plot                ;
  SD1 (ms):                   ;   78.443189;            ;
  SD2 (ms):                   ;  101.126869;            ;
  SD2/SD1 ratio:              ;    1.289173;            ;
 Approximate entropy (ApEn):  ;      0.7354;            ;
 Sample entropy (SampEn):     ;      1.3522;            ;
 Detrended fluctuation analysis (DFA);
  alpha 1:                    ;      0.7521;            ;
  alpha 2:                    ;      0.0569;            ;


RR INTERVAL DATA and SPECTRUM ESTIMATES;
                              ;    SAMPLE 1;            ;            ;            ;            ;            ;            ;            ;            ;
                              ;     RR Data;            ;FFT spectrum;            ; AR Spectrum;            ;            ;            ;            ;
                              ;        Time; RR interval;   Frequency;         PSD;   Frequency;         PSD;   VLF comp.;    LF comp.;    HF comp.;
                              ;         (s);         (s);        (Hz);   (ms^2/Hz);        (Hz);   (ms^2/Hz);   (ms^2/Hz);   (ms^2/Hz);   (ms^2/Hz);
                              ;       0.809;       0.809;       0.000;      0.8223;       0.000;  10614.0134;            ;            ;            ;
                              ;       1.605;       0.797;       0.003;      2.0113;       0.003;  21249.0517;            ;            ;            ;
                              ;       2.469;       0.863;       0.007;      9.4253;       0.007;  21312.1661;            ;            ;            ;
                              ;       3.344;       0.875;       0.010;    187.8437;       0.010;  21417.4853;            ;            ;            ;
                              ;       4.207;       0.863;       0.013;   1252.2128;       0.013;  21565.1922;            ;            ;            ;
                              ;       5.082;       0.875;       0.017;   4274.4572;       0.017;  21755.5222;            ;            ;            ;
                              ;       5.938;       0.855;       0.020;   8519.0194;       0.020;  21988.7413;            ;            ;            ;
                              ;       6.750;       0.813;       0.023;   9422.0743;       0.023;  22265.1174;            ;            ;            ;
                              ;       7.617;       0.867;       0.027;   4862.8686;       0.027;  22584.8821;            ;            ;            ;
                              ;       8.523;       0.906;       0.030;   4756.6615;       0.030;  22948.1836;            ;            ;            ;
                              ;       9.426;       0.902;       0.033;  21763.6821;       0.033;  23355.0283;            ;            ;            ;
                              ;      10.336;       0.910;       0.037;  50720.8867;       0.037;  23805.2105;            ;            ;            ;
                              ;      11.293;       0.957;       0.040;  66227.2631;       0.040;  24298.2283;            ;            ;            ;
                              ;      12.227;       0.934;       0.043;  48632.7835;       0.043;  24833.1862;            ;            ;            ;
                              ;      13.117;       0.891;       0.047;  17692.4071;       0.047;  25408.6827;            ;            ;            ;
                              ;      14.059;       0.941;       0.050;   9136.3845;       0.050;  26022.6856;            ;            ;            ;
                              ;      14.969;       0.910;       0.053;  18053.6286;       0.053;  26672.3946;            ;            ;            ;
                              ;      15.836;       0.867;       0.057;  18810.6391;       0.057;  27354.0984;            ;            ;            ;
                              ;      16.715;       0.879;       0.060;   9513.5188;       0.060;  28063.0305;            ;            ;            ;
                              ;      17.617;       0.902;       0.063;   2417.2770;       0.063;  28793.2343;            ;            ;            ;
                              ;      18.457;       0.840;       0.067;   8995.0666;       0.067;  29537.4507;            ;            ;            ;
                              ;      19.313;       0.855;       0.070;  25590.0662;       0.070;  30287.0434;            ;            ;            ;
                              ;      20.246;       0.934;       0.073;  37307.4895;       0.073;  31031.9815;            ;            ;            ;
                              ;      21.203;       0.957;       0.077;  47212.7859;       0.077;  31760.8986;            ;            ;            ;
                              ;      22.066;       0.863;       0.080;  60620.6685;       0.080;  32461.2490;            ;            ;            ;
                              ;      22.988;       0.922;       0.083;  62793.5182;       0.083;  33119.5742;            ;            ;            ;
                              ;      23.895;       0.906;       0.087;  45520.2013;       0.087;  33721.8881;            ;            ;            ;
                              ;      24.785;       0.891;       0.090;  24578.4333;       0.090;  34254.1746;            ;            ;            ;
                              ;      25.727;       0.941;       0.093;  15275.3733;       0.093;  34702.9790;            ;            ;            ;
                              ;      26.680;       0.953;       0.097;  12416.0717;       0.097;  35056.0543;            ;            ;            ;
                              ;      27.570;       0.891;       0.100;   7528.6854;       0.100;  35303.0134;            ;            ;            ;
                              ;      28.512;       0.941;       0.103;   3679.4305;       0.103;  35435.9245;            ;            ;            ;
                              ;      29.469;       0.957;       0.107;   5490.8215;       0.107;  35449.7883;            ;            ;            ;
                              ;      30.391;       0.922;       0.110;  12848.9086;       0.110;  35342.8426;            ;            ;            ;
                              ;      31.355;       0.965;       0.113;  23547.7953;       0.113;  35116.6582;            ;            ;            ;
                              ;      32.281;       0.926;       0.117;  31966.2446;       0.117;  34776.0156;            ;            ;            ;
                              ;      33.141;       0.859;       0.120;  32859.2818;       0.120;  34328.5758;            ;            ;            ;
                              ;      34.055;       0.914;       0.123;  30361.6293;       0.123;  33784.3867;            ;            ;            ;
                              ;      34.980;       0.926;       0.127;  30362.0692;       0.127;  33155.2793;            ;            ;            ;
                              ;      35.859;       0.879;       0.130;  30103.3172;       0.130;  32454.2158;            ;            ;            ;
                              ;      36.758;       0.898;       0.133;  24860.1945;       0.133;  31694.6509;            ;            ;            ;
                              ;      37.695;       0.938;       0.137;  20253.5391;       0.137;  30889.9534;            ;            ;            ;
                              ;      38.617;       0.922;       0.140;  28054.1873;       0.140;  30052.9240;            ;            ;            ;
                              ;      39.488;       0.871;       0.143;  41592.9204;       0.143;  29195.4258;            ;            ;            ;
                              ;      40.434;       0.945;       0.147;  38360.6091;       0.147;  28328.1310;            ;            ;            ;
                              ;      41.391;       0.957;       0.150;  17307.4159;       0.150;  27460.3761;            ;            ;            ;
                              ;      42.305;       0.914;       0.153;   1778.4408;       0.153;  26600.1101;            ;            ;            ;
                              ;      43.250;       0.945;       0.157;   3373.1238;       0.157;  25753.9156;            ;            ;            ;
                              ;      44.188;       0.938;       0.160;  10505.0621;       0.160;  24927.0849;            ;            ;            ;
                              ;      45.070;       0.883;       0.163;  11315.7528;       0.163;  24123.7311;            ;            ;            ;
                              ;      45.969;       0.898;       0.167;   7998.3781;       0.167;  23346.9199;            ;            ;            ;
                              ;      46.863;       0.895;       0.170;   5329.3851;       0.170;  22598.8090;            ;            ;            ;
                              ;      47.742;       0.879;       0.173;   3198.7119;       0.173;  21880.7878;            ;            ;            ;
                              ;      48.602;       0.859;       0.177;   3562.6290;       0.177;  21193.6080;            ;            ;            ;
                              ;      49.520;       0.918;       0.180;   8019.7311;       0.180;  20537.5053;            ;            ;            ;
                              ;      50.449;       0.930;       0.183;  13183.8095;       0.183;  19912.3061;            ;            ;            ;
                              ;      51.352;       0.902;       0.187;  16864.6865;       0.187;  19317.5220;            ;            ;            ;
                              ;      52.277;       0.926;       0.190;  20782.0579;       0.190;  18752.4297;            ;            ;            ;
                              ;      53.211;       0.934;       0.193;  22811.5554;       0.193;  18216.1390;            ;            ;            ;
                              ;      54.113;       0.902;       0.197;  16776.1101;       0.197;  17707.6485;            ;            ;            ;
                              ;      55.039;       0.926;       0.200;   7514.3479;       0.200;  17225.8919;            ;            ;            ;
                              ;      56.004;       0.965;       0.203;   7850.2438;       0.203;  16769.7748;            ;            ;            ;
                              ;      56.891;       0.887;       0.207;  17847.4089;       0.207;  16338.2042;            ;            ;            ;
                              ;      57.754;       0.863;       0.210;  27850.1289;       0.210;  15930.1109;            ;            ;            ;
                              ;      59.137;       0.782;       0.213;  31599.2654;       0.213;  15544.4677;            ;            ;            ;
                              ;      60.316;       0.710;       0.217;  26647.8200;       0.217;  15180.3018;            ;            ;            ;
                              ;      61.102;       0.785;       0.220;  16855.6461;       0.220;  14836.7043;            ;            ;            ;
                              ;      62.031;       0.930;       0.223;  10039.0143;       0.223;  14512.8367;            ;            ;            ;
                              ;      62.734;       0.703;       0.227;   8554.9613;       0.227;  14207.9346;            ;            ;            ;
                              ;      63.652;       0.918;       0.230;  10330.8700;       0.230;  13921.3096;            ;            ;            ;
                              ;      64.910;       0.921;       0.233;  11833.0068;       0.233;  13652.3501;            ;            ;            ;
                              ;      65.734;       0.824;       0.237;  10616.1826;       0.237;  13400.5200;            ;            ;            ;
                              ;      67.270;       0.926;       0.240;  10372.8111;       0.240;  13165.3578;            ;            ;            ;
                              ;      68.203;       0.934;       0.243;  12963.8236;       0.243;  12946.4741;            ;            ;            ;
                              ;      68.949;       0.746;       0.247;  12632.3247;       0.247;  12743.5488;            ;            ;            ;
                              ;      70.016;       1.066;       0.250;   7707.7358;       0.250;  12556.3286;            ;            ;            ;
                              ;      71.145;       1.129;       0.253;   3430.8367;       0.253;  12384.6236;            ;            ;            ;
                              ;      71.824;       1.018;       0.257;   2332.1725;       0.257;  12228.3044;            ;            ;            ;
                              ;      72.719;       0.895;       0.260;   3425.0528;       0.260;  12087.2991;            ;            ;            ;
                              ;      73.566;       0.848;       0.263;   6810.4675;       0.263;  11961.5902;            ;            ;            ;
                              ;      74.453;       0.887;       0.267;  13496.2433;       0.267;  11851.2115;            ;            ;            ;
                              ;      75.297;       0.844;       0.270;  22472.9023;       0.270;  11756.2448;            ;            ;            ;
                              ;      76.805;       0.985;       0.273;  29117.9966;       0.273;  11676.8174;            ;            ;            ;
                              ;      77.871;       1.066;       0.277;  28408.5375;       0.277;  11613.0976;            ;            ;            ;
                              ;      78.816;       0.945;       0.280;  20924.4001;       0.280;  11565.2917;            ;            ;            ;
                              ;      79.941;       1.125;       0.283;  12625.1662;       0.283;  11533.6382;            ;            ;            ;
                              ;      80.980;       1.039;       0.287;   8280.0172;       0.287;  11518.4026;            ;            ;            ;
                              ;      82.383;       1.023;       0.290;   8692.1415;       0.290;  11519.8692;            ;            ;            ;
                              ;      83.285;       0.902;       0.293;  12218.9410;       0.293;  11538.3315;            ;            ;            ;
                              ;      83.957;       0.672;       0.297;  15414.8092;       0.297;  11574.0793;            ;            ;            ;
                              ;      85.066;       1.109;       0.300;  16113.3261;       0.300;  11627.3817;            ;            ;            ;
                              ;      86.004;       0.938;       0.303;  15832.7970;       0.303;  11698.4657;            ;            ;            ;
                              ;      86.711;       0.707;       0.307;  15408.4737;       0.307;  11787.4872;            ;            ;            ;
                              ;      87.637;       0.926;       0.310;  13195.1440;       0.310;  11894.4957;            ;            ;            ;
                              ;      88.492;       0.855;       0.313;   8242.2314;       0.313;  12019.3878;            ;            ;            ;
                              ;      89.195;       0.703;       0.317;   2170.8126;       0.317;  12161.8502;            ;            ;            ;
                              ;      90.223;       1.027;       0.320;    662.2271;       0.320;  12321.2882;            ;            ;            ;
                              ;      91.066;       0.844;       0.323;   9935.5384;       0.323;  12496.7397;            ;            ;            ;
                              ;      91.949;       0.883;       0.327;  30607.2257;       0.327;  12686.7721;            ;            ;            ;
                              ;      92.809;       0.859;       0.330;  53429.9724;       0.330;  12889.3639;            ;            ;            ;
                              ;      93.668;       0.859;       0.333;  60899.7607;       0.333;  13101.7713;            ;            ;            ;
                              ;      94.539;       0.871;       0.337;  48879.3887;       0.337;  13320.3864;            ;            ;            ;
