HRV ANALYSIS RESULTS - 20-May-2022 15:50:16
Kubios HRV Standard
3.4.3
released in December 2020

Analyzed by:  -  - 

File name: C:\Users\ivan\Documents\Mestrado\Dissertação\Resultados\ECG\Intervalos\NNi_004C_Baseline_Primeira_visita.txt
Measurement date:  
File type: asciiCUSTOM
Channel label: RR data
Data length: 00:02:31 (h:min:s)
Measurement rate: - 

Parameters
 Number of samples: 1
 Detrending method: Smoothn priors (lambda: 500)
 Min/Max HR as average of: 5 beats
 Threshold for NNxx/pNNxx: 50 ms
 Frequency bands
  VLF: 0 - 0.04 Hz
  LF: 0.04 - 0.15 Hz
  HF: 0.15 - 0.4 Hz
 Interpolation rate: 4 Hz
 Points in frequency-domain: 300 points/Hz
 FFT spectrum options
  Window width: 300 s
  Window overlap: 50 %
 AR spectrum options
  AR model order: 16
  Use factorization: No
 Apply detrending for nonlinear analysis: 1
 Entropy, embedding dimension: 2
 Entropy, tolerance: 0.2 x SD
 DFA, short-term fluctuations: 4-12 beats
 DFA, long-term fluctuations: 13-64 beats

RR Interval Samples Selected for Analysis
                              ;    Sample 1;
  Sample limits (hh:mm:ss):   ;00:00:00-00:02:31;
  Sample Analysis Type: Single sample
  Beat correction: Threshold (medium)
  Beats total:                ;         194;
  Beats corrected:            ;           1;
  Beats corrected (%):        ;       0.515;
  Effective data length (s):  ;         151;
  Effective data length (%):  ;      100.00;


RESULTS FOR A SINGLE SAMPLE

Results Overview              ;
  PNS index:                  ;     -1.4328;            ;
  SNS index:                  ;      2.4682;            ;
  Stress index:               ;     19.8526;            ;

Time-Domain Results           ;
 Statistical parameters       ;
  Mean RR  (ms):              ;    766.2937;            ;
  SDNN (ms):                  ;     20.9783;            ;
  Mean HR (beats/min):        ;     78.2990;            ;
  SD HR (beats/min):          ;      2.1785;            ;
  Min HR (beats/min):         ;     74.4186;            ;
  Max HR (beats/min):         ;     86.2718;            ;
  RMSSD (ms):                 ;     16.2410;            ;
  NNxx (beats):               ;           1;            ;
  pNNxx (%):                  ;      0.5181;            ;
  SDANN (ms):                 ;         NaN;            ;
  SDNN index (ms):            ;         NaN;            ;
 Geometric parameters         ;
  RR tri index:               ;    4.850000;            ;
  TINN (ms):                  ;    101.0000;            ;

Frequency-Domain Results      ;FFT spectrum; AR spectrum;
 Peak frequencies             ;
  VLF (Hz):                   ;    0.033333;    0.040000;
  LF (Hz):                    ;    0.076667;    0.063333;
  HF (Hz):                    ;    0.320000;    0.303333;
 Absolute powers              ;
  VLF (ms^2):                 ;     25.7614;     74.8092;
  LF (ms^2):                  ;    120.7174;    239.3181;
  HF (ms^2):                  ;     84.3517;     97.6942;
  VLF (log):                  ;      3.2489;      4.3149;
  LF (log):                   ;      4.7935;      5.4778;
  HF (log):                   ;      4.4350;      4.5818;
 Relative powers              ;
  VLF (%):                    ;     11.1601;     18.1622;
  LF (%):                     ;     52.2959;     58.1016;
  HF (%):                     ;     36.5420;     23.7182;
 Normalized powers            ;
  LF (n.u.):                  ;     58.8653;     70.9960;
  HF (n.u.):                  ;     41.1324;     28.9819;
 Total power (ms^2):          ;    230.8353;    411.8960;
 LF/HF ratio:                 ;      1.4311;      2.4497;


Nonlinear Results             ;
 Poincare plot                ;
  SD1 (ms):                   ;   11.515174;            ;
  SD2 (ms):                   ;   27.093397;            ;
  SD2/SD1 ratio:              ;    2.352843;            ;
 Approximate entropy (ApEn):  ;      1.0174;            ;
 Sample entropy (SampEn):     ;      2.0189;            ;
 Detrended fluctuation analysis (DFA);
  alpha 1:                    ;      1.3970;            ;
  alpha 2:                    ;      0.6345;            ;


RR INTERVAL DATA and SPECTRUM ESTIMATES;
                              ;    SAMPLE 1;            ;            ;            ;            ;            ;            ;            ;            ;
                              ;     RR Data;            ;FFT spectrum;            ; AR Spectrum;            ;            ;            ;            ;
                              ;        Time; RR interval;   Frequency;         PSD;   Frequency;         PSD;   VLF comp.;    LF comp.;    HF comp.;
                              ;         (s);         (s);        (Hz);   (ms^2/Hz);        (Hz);   (ms^2/Hz);   (ms^2/Hz);   (ms^2/Hz);   (ms^2/Hz);
                              ;       0.688;       0.688;       0.000;      0.1975;       0.000;    771.6729;            ;            ;            ;
                              ;       1.387;       0.699;       0.003;      0.0764;       0.003;   1549.4648;            ;            ;            ;
                              ;       2.094;       0.707;       0.007;      0.4445;       0.007;   1567.9897;            ;            ;            ;
                              ;       2.793;       0.699;       0.010;      0.7075;       0.010;   1599.4312;            ;            ;            ;
                              ;       3.539;       0.746;       0.013;     36.7470;       0.013;   1644.6624;            ;            ;            ;
                              ;       4.305;       0.766;       0.017;    286.0237;       0.017;   1704.9523;            ;            ;            ;
                              ;       5.066;       0.762;       0.020;    648.2647;       0.020;   1782.0090;            ;            ;            ;
                              ;       5.855;       0.789;       0.023;    394.1315;       0.023;   1878.0304;            ;            ;            ;
                              ;       6.660;       0.805;       0.027;     18.4988;       0.027;   1995.7511;            ;            ;            ;
                              ;       7.477;       0.816;       0.030;   1228.5244;       0.030;   2138.4631;            ;            ;            ;
                              ;       8.301;       0.824;       0.033;   2617.0497;       0.033;   2309.9682;            ;            ;            ;
                              ;       9.090;       0.789;       0.037;   1889.0291;       0.037;   2514.3791;            ;            ;            ;
                              ;       9.887;       0.797;       0.040;   1222.9004;       0.040;   2755.6228;            ;            ;            ;
                              ;      10.668;       0.781;       0.043;   2183.3676;       0.043;   3036.4063;            ;            ;            ;
                              ;      11.445;       0.777;       0.047;   2908.7917;       0.047;   3356.3000;            ;            ;            ;
                              ;      12.207;       0.762;       0.050;   2934.8200;       0.050;   3708.5824;            ;            ;            ;
                              ;      12.984;       0.777;       0.053;   2816.0806;       0.053;   4075.8366;            ;            ;            ;
                              ;      13.770;       0.785;       0.057;   2531.5283;       0.057;   4425.4762;            ;            ;            ;
                              ;      14.535;       0.766;       0.060;   1887.4041;       0.060;   4708.6485;            ;            ;            ;
                              ;      15.289;       0.754;       0.063;    766.9298;       0.063;   4867.8973;            ;            ;            ;
                              ;      17.395;       0.720;       0.067;    154.3254;       0.067;   4856.2258;            ;            ;            ;
                              ;      18.078;       0.684;       0.070;    903.6531;       0.070;   4659.8661;            ;            ;            ;
                              ;      18.750;       0.672;       0.073;   2495.0271;       0.073;   4307.8705;            ;            ;            ;
                              ;      19.426;       0.676;       0.077;   3499.0932;       0.077;   3859.1812;            ;            ;            ;
                              ;      20.152;       0.727;       0.080;   2601.2133;       0.080;   3377.5098;            ;            ;            ;
                              ;      20.902;       0.750;       0.083;    772.6418;       0.083;   2911.9611;            ;            ;            ;
                              ;      21.633;       0.730;       0.087;    252.7014;       0.087;   2491.0118;            ;            ;            ;
                              ;      22.336;       0.703;       0.090;    949.4024;       0.090;   2125.9322;            ;            ;            ;
                              ;      23.027;       0.691;       0.093;   1366.9586;       0.093;   1817.1067;            ;            ;            ;
                              ;      23.730;       0.703;       0.097;   1431.2317;       0.097;   1559.4344;            ;            ;            ;
                              ;      24.445;       0.715;       0.100;   1497.3089;       0.100;   1345.8082;            ;            ;            ;
                              ;      25.180;       0.734;       0.103;   1188.8024;       0.103;   1168.9814;            ;            ;            ;
                              ;      25.922;       0.742;       0.107;    548.9049;       0.107;   1022.4057;            ;            ;            ;
                              ;      26.680;       0.758;       0.110;    130.8041;       0.110;    900.5064;            ;            ;            ;
                              ;      27.445;       0.766;       0.113;     65.8453;       0.113;    798.6863;            ;            ;            ;
                              ;      28.219;       0.773;       0.117;    145.5318;       0.117;    713.2188;            ;            ;            ;
                              ;      28.988;       0.770;       0.120;    146.8797;       0.120;    641.1083;            ;            ;            ;
                              ;      29.762;       0.773;       0.123;     32.6931;       0.123;    579.9551;            ;            ;            ;
                              ;      30.547;       0.785;       0.127;     31.7822;       0.127;    527.8364;            ;            ;            ;
                              ;      31.336;       0.789;       0.130;    180.2774;       0.130;    483.2089;            ;            ;            ;
                              ;      32.113;       0.777;       0.133;    284.3388;       0.133;    444.8297;            ;            ;            ;
                              ;      32.898;       0.785;       0.137;    304.6639;       0.137;    411.6935;            ;            ;            ;
                              ;      33.676;       0.777;       0.140;    276.5490;       0.140;    382.9842;            ;            ;            ;
                              ;      34.426;       0.750;       0.143;    177.4103;       0.143;    358.0357;            ;            ;            ;
                              ;      35.199;       0.773;       0.147;     79.2311;       0.147;    336.3022;            ;            ;            ;
                              ;      35.934;       0.734;       0.150;    108.9666;       0.150;    317.3344;            ;            ;            ;
                              ;      36.691;       0.758;       0.153;    161.5789;       0.153;    300.7610;            ;            ;            ;
                              ;      37.473;       0.781;       0.157;     69.6209;       0.157;    286.2744;            ;            ;            ;
                              ;      38.273;       0.801;       0.160;      3.2609;       0.160;    273.6183;            ;            ;            ;
                              ;      39.066;       0.793;       0.163;    116.9981;       0.163;    262.5794;            ;            ;            ;
                              ;      39.855;       0.789;       0.167;    143.0166;       0.167;    252.9796;            ;            ;            ;
                              ;      40.684;       0.828;       0.170;     29.3388;       0.170;    244.6703;            ;            ;            ;
                              ;      41.504;       0.820;       0.173;    151.2271;       0.173;    237.5277;            ;            ;            ;
                              ;      42.293;       0.789;       0.177;    352.2861;       0.177;    231.4490;            ;            ;            ;
                              ;      43.086;       0.793;       0.180;    210.2035;       0.180;    226.3497;            ;            ;            ;
                              ;      43.871;       0.785;       0.183;     17.6043;       0.183;    222.1607;            ;            ;            ;
                              ;      44.648;       0.777;       0.187;     56.9941;       0.187;    218.8270;            ;            ;            ;
                              ;      45.391;       0.742;       0.190;     88.4531;       0.190;    216.3059;            ;            ;            ;
                              ;      46.141;       0.750;       0.193;     52.0841;       0.193;    214.5660;            ;            ;            ;
                              ;      46.895;       0.754;       0.197;     34.1581;       0.197;    213.5863;            ;            ;            ;
                              ;      47.645;       0.750;       0.200;     11.2662;       0.200;    213.3558;            ;            ;            ;
                              ;      48.375;       0.730;       0.203;      0.5726;       0.203;    213.8734;            ;            ;            ;
                              ;      49.125;       0.750;       0.207;      3.6938;       0.207;    215.1476;            ;            ;            ;
                              ;      49.863;       0.738;       0.210;     51.4637;       0.210;    217.1968;            ;            ;            ;
                              ;      50.613;       0.750;       0.213;    133.8346;       0.213;    220.0499;            ;            ;            ;
                              ;      51.348;       0.734;       0.217;    114.4540;       0.217;    223.7470;            ;            ;            ;
                              ;      52.105;       0.758;       0.220;     34.8131;       0.220;    228.3404;            ;            ;            ;
                              ;      52.863;       0.758;       0.223;     13.2686;       0.223;    233.8960;            ;            ;            ;
                              ;      53.629;       0.766;       0.227;     32.0416;       0.227;    240.4948;            ;            ;            ;
                              ;      54.383;       0.754;       0.230;    125.9038;       0.230;    248.2356;            ;            ;            ;
                              ;      55.141;       0.758;       0.233;    238.9665;       0.233;    257.2369;            ;            ;            ;
                              ;      55.898;       0.758;       0.237;    182.9320;       0.237;    267.6406;            ;            ;            ;
                              ;      56.648;       0.750;       0.240;     37.2116;       0.240;    279.6153;            ;            ;            ;
                              ;      57.391;       0.742;       0.243;      2.8886;       0.243;    293.3608;            ;            ;            ;
                              ;      58.129;       0.738;       0.247;     23.3784;       0.247;    309.1129;            ;            ;            ;
                              ;      58.891;       0.762;       0.250;      7.8629;       0.250;    327.1489;            ;            ;            ;
                              ;      59.660;       0.770;       0.253;      2.7768;       0.253;    347.7927;            ;            ;            ;
                              ;      60.430;       0.770;       0.257;     10.0639;       0.257;    371.4196;            ;            ;            ;
                              ;      61.195;       0.766;       0.260;     51.5774;       0.260;    398.4594;            ;            ;            ;
                              ;      61.965;       0.770;       0.263;    209.2895;       0.263;    429.3949;            ;            ;            ;
                              ;      62.762;       0.797;       0.267;    397.6269;       0.267;    464.7522;            ;            ;            ;
                              ;      63.551;       0.789;       0.270;    473.2732;       0.270;    505.0759;            ;            ;            ;
                              ;      64.320;       0.770;       0.273;    414.8458;       0.273;    550.8806;            ;            ;            ;
                              ;      65.082;       0.762;       0.277;    213.1726;       0.277;    602.5605;            ;            ;            ;
                              ;      65.855;       0.773;       0.280;     57.5399;       0.280;    660.2403;            ;            ;            ;
                              ;      66.625;       0.770;       0.283;    120.4130;       0.283;    723.5454;            ;            ;            ;
                              ;      67.387;       0.762;       0.287;    103.7836;       0.287;    791.2787;            ;            ;            ;
                              ;      68.133;       0.746;       0.290;      2.0380;       0.290;    861.0307;            ;            ;            ;
                              ;      68.898;       0.766;       0.293;     74.8653;       0.293;    928.8228;            ;            ;            ;
                              ;      69.660;       0.762;       0.297;     69.8412;       0.297;    989.0034;            ;            ;            ;
                              ;      70.406;       0.746;       0.300;      4.4909;       0.300;   1034.7080;            ;            ;            ;
                              ;      71.148;       0.742;       0.303;     38.0215;       0.303;   1059.1145;            ;            ;            ;
                              ;      71.906;       0.758;       0.307;     11.9569;       0.307;   1057.3229;            ;            ;            ;
                              ;      72.672;       0.766;       0.310;    482.5144;       0.310;   1028.1001;            ;            ;            ;
                              ;      73.410;       0.738;       0.313;   1949.3017;       0.313;    974.4963;            ;            ;            ;
                              ;      74.148;       0.738;       0.317;   3546.6183;       0.317;    902.8938;            ;            ;            ;
                              ;      74.914;       0.766;       0.320;   4144.8012;       0.320;    821.0375;            ;            ;            ;
                              ;      75.676;       0.762;       0.323;   3538.1608;       0.323;    736.1029;            ;            ;            ;
                              ;      76.434;       0.758;       0.327;   2277.5288;       0.327;    653.5425;            ;            ;            ;
                              ;      77.191;       0.758;       0.330;   1108.0610;       0.330;    576.8081;            ;            ;            ;
                              ;      77.973;       0.781;       0.333;    498.1377;       0.333;    507.6358;            ;            ;            ;
                              ;      78.766;       0.793;       0.337;    396.5027;       0.337;    446.5385;            ;            ;            ;
                              ;      79.535;       0.770;       0.340;    447.7418;       0.340;    393.2736;            ;            ;            ;
                              ;      80.305;       0.770;       0.343;    440.1419;       0.343;    347.1998;            ;            ;            ;
                              ;      81.117;       0.813;       0.347;    412.0146;       0.347;    307.5106;            ;            ;            ;
                              ;      81.926;       0.809;       0.350;    406.9121;       0.350;    273.3739;            ;            ;            ;
                              ;      82.711;       0.785;       0.353;    340.5373;       0.353;    244.0053;            ;            ;            ;
                              ;      83.484;       0.773;       0.357;    167.9031;       0.357;    218.7015;            ;            ;            ;
                              ;      84.277;       0.793;       0.360;     21.1514;       0.360;    196.8498;            ;            ;            ;
                              ;      85.070;       0.793;       0.363;     14.5389;       0.363;    177.9264;            ;            ;            ;
                              ;      85.828;       0.758;       0.367;     62.6308;       0.367;    161.4879;            ;            ;            ;
                              ;      86.590;       0.762;       0.370;     56.5431;       0.370;    147.1613;            ;            ;            ;
                              ;      87.363;       0.773;       0.373;     23.3413;       0.373;    134.6339;            ;            ;            ;
                              ;      88.141;       0.777;       0.377;     11.6895;       0.377;    123.6440;            ;            ;            ;
                              ;      88.906;       0.766;       0.380;      9.8865;       0.380;    113.9721;            ;            ;            ;
                              ;      89.680;       0.773;       0.383;     13.7062;       0.383;    105.4342;            ;            ;            ;
                              ;      90.469;       0.789;       0.387;     38.9404;       0.387;     97.8753;            ;            ;            ;
                              ;      91.258;       0.789;       0.390;     57.7193;       0.390;     91.1653;            ;            ;            ;
                              ;      92.035;       0.777;       0.393;     34.6528;       0.393;     85.1937;            ;            ;            ;
                              ;      92.824;       0.789;       0.397;      4.4983;       0.397;     79.8672;            ;            ;            ;
                              ;      93.621;       0.797;       0.400;      3.3906;       0.400;     75.1064;            ;            ;            ;
                              ;      94.418;       0.797;       0.403;     12.5174;       0.403;     70.8436;            ;            ;            ;
                              ;      95.188;       0.770;       0.407;     18.3490;       0.407;     67.0209;            ;            ;            ;
                              ;      95.969;       0.781;       0.410;     15.7397;       0.410;     63.5888;            ;            ;            ;
                              ;      96.750;       0.781;       0.413;      5.6116;       0.413;     60.5045;            ;            ;            ;
                              ;      97.539;       0.789;       0.417;      3.6862;       0.417;     57.7314;            ;            ;            ;
                              ;      98.309;       0.770;       0.420;      2.9961;       0.420;     55.2379;            ;            ;            ;
                              ;      99.078;       0.770;       0.423;      3.9930;       0.423;     52.9965;            ;            ;            ;
                              ;      99.871;       0.793;       0.427;     30.1829;       0.427;     50.9837;            ;            ;            ;
                              ;     100.652;       0.781;       0.430;     65.3082;       0.430;     49.1789;            ;            ;            ;
                              ;     101.414;       0.762;       0.433;     66.1653;       0.433;     47.5644;            ;            ;            ;
                              ;     102.168;       0.754;       0.437;     33.0593;       0.437;     46.1249;            ;            ;            ;
                              ;     102.934;       0.766;       0.440;      6.1645;       0.440;     44.8473;            ;            ;            ;
                              ;     103.707;       0.773;       0.443;      5.5274;       0.443;     43.7201;            ;            ;            ;
                              ;     104.461;       0.754;       0.447;     14.6721;       0.447;     42.7338;            ;            ;            ;
                              ;     105.234;       0.773;       0.450;     20.9654;       0.450;     41.8801;            ;            ;            ;
                              ;     106.000;       0.766;       0.453;     30.3917;       0.453;     41.1521;            ;            ;            ;
                              ;     106.781;       0.781;       0.457;     38.3998;       0.457;     40.5443;            ;            ;            ;
                              ;     107.531;       0.750;       0.460;     29.9155;       0.460;     40.0520;            ;            ;            ;
                              ;     108.281;       0.750;       0.463;     11.2695;       0.463;     39.6719;            ;            ;            ;
                              ;     109.031;       0.750;       0.467;      1.6003;       0.467;     39.4014;            ;            ;            ;
                              ;     109.793;       0.762;       0.470;      0.4365;       0.470;     39.2390;            ;            ;            ;
                              ;     110.535;       0.742;       0.473;      6.1652;       0.473;     39.1839;            ;            ;            ;
                              ;     111.285;       0.750;       0.477;     27.4904;       0.477;     39.2363;            ;            ;            ;
                              ;     112.039;       0.754;       0.480;     42.5940;       0.480;     39.3971;            ;            ;            ;
                              ;     112.793;       0.754;       0.483;     25.7559;       0.483;     39.6682;            ;            ;            ;
                              ;     113.531;       0.738;       0.487;      5.8962;       0.487;     40.0520;            ;            ;            ;
                              ;     114.281;       0.750;       0.490;     20.9890;       0.490;     40.5518;            ;            ;            ;
                              ;     115.035;       0.754;       0.493;     58.6254;       0.493;     41.1713;            ;            ;            ;
                              ;     115.801;       0.766;       0.497;     84.4047;       0.497;     41.9150;            ;            ;            ;
                              ;     116.566;       0.766;       0.500;     98.0856;       0.500;     42.7877;            ;            ;            ;
                              ;     117.316;       0.750;            ;            ;            ;            ;            ;            ;            ;
                              ;     118.102;       0.785;            ;            ;            ;            ;            ;            ;            ;
                              ;     118.883;       0.781;            ;            ;            ;            ;            ;            ;            ;
                              ;     119.672;       0.789;            ;            ;            ;            ;            ;            ;            ;
                              ;     120.438;       0.766;            ;            ;            ;            ;            ;            ;            ;
                              ;     121.211;       0.773;            ;            ;            ;            ;            ;            ;            ;
                              ;     122.000;       0.789;            ;            ;            ;            ;            ;            ;            ;
                              ;     122.809;       0.809;            ;            ;            ;            ;            ;            ;            ;
                              ;     123.598;       0.789;            ;            ;            ;            ;            ;            ;            ;
                              ;     124.371;       0.773;            ;            ;            ;            ;            ;            ;            ;
                              ;     125.160;       0.789;            ;            ;            ;            ;            ;            ;            ;
                              ;     125.961;       0.801;            ;            ;            ;            ;            ;            ;            ;
                              ;     126.754;       0.793;            ;            ;            ;            ;            ;            ;            ;
                              ;     127.539;       0.785;            ;            ;            ;            ;            ;            ;            ;
                              ;     128.348;       0.809;            ;            ;            ;            ;            ;            ;            ;
                              ;     129.160;       0.813;            ;            ;            ;            ;            ;            ;            ;
                              ;     129.965;       0.805;            ;            ;            ;            ;            ;            ;            ;
                              ;     130.746;       0.781;            ;            ;            ;            ;            ;            ;            ;
                              ;     131.535;       0.789;            ;            ;            ;            ;            ;            ;            ;
                              ;     132.328;       0.793;            ;            ;            ;            ;            ;            ;            ;
                              ;     133.121;       0.793;            ;            ;            ;            ;            ;            ;            ;
                              ;     133.891;       0.770;            ;            ;            ;            ;            ;            ;            ;
                              ;     134.645;       0.754;            ;            ;            ;            ;            ;            ;            ;
                              ;     135.414;       0.770;            ;            ;            ;            ;            ;            ;            ;
                              ;     136.180;       0.766;            ;            ;            ;            ;            ;            ;            ;
                              ;     136.941;       0.762;            ;            ;            ;            ;            ;            ;            ;
                              ;     137.699;       0.758;            ;            ;            ;            ;            ;            ;            ;
                              ;     138.473;       0.773;            ;            ;            ;            ;            ;            ;            ;
                              ;     139.258;       0.785;            ;            ;            ;            ;            ;            ;            ;
                              ;     140.043;       0.785;            ;            ;            ;            ;            ;            ;            ;
                              ;     140.813;       0.770;            ;            ;            ;            ;            ;            ;            ;
                              ;     141.594;       0.781;            ;            ;            ;            ;            ;            ;            ;
                              ;     142.379;       0.785;            ;            ;            ;            ;            ;            ;            ;
                              ;     143.172;       0.793;            ;            ;            ;            ;            ;            ;            ;
                              ;     143.938;       0.766;            ;            ;            ;            ;            ;            ;            ;
                              ;     144.703;       0.766;            ;            ;            ;            ;            ;            ;            ;
                              ;     145.484;       0.781;            ;            ;            ;            ;            ;            ;            ;
                              ;     146.258;       0.773;            ;            ;            ;            ;            ;            ;            ;
                              ;     147.008;       0.750;            ;            ;            ;            ;            ;            ;            ;
                              ;     147.762;       0.754;            ;            ;            ;            ;            ;            ;            ;
                              ;     148.520;       0.758;            ;            ;            ;            ;            ;            ;            ;
                              ;     149.297;       0.777;            ;            ;            ;            ;            ;            ;            ;
                              ;     150.047;       0.750;            ;            ;            ;            ;            ;            ;            ;


